# This file was produced by samtools stats (1.20+htslib-1.20) and can be plotted using plot-bamstats
# This file contains statistics for all reads.
# The command line was:  stats /mnt/data/bioinfo-estadistica-2/enosedal/BioInfo2026-2-ENG/module_04_alignment/results/mouse/mouse_sorted.bam
# CHK, Checksum	[2]Read Names	[3]Sequences	[4]Qualities
# CHK, CRC32 of reads which passed filtering followed by addition (32bit overflow)
CHK	e1458ce2	3bfaed2d	45f9d3e5
# Summary Numbers. Use `grep ^SN | cut -f 2-` to extract this part.
SN	raw total sequences:	53280064	# excluding supplementary and secondary reads
SN	filtered sequences:	0
SN	sequences:	53280064
SN	is sorted:	1
SN	1st fragments:	26640032
SN	last fragments:	26640032
SN	reads mapped:	42654988
SN	reads mapped and paired:	40429156	# paired-end technology bit set + both mates mapped
SN	reads unmapped:	10625076
SN	reads properly paired:	40299012	# proper-pair bit set
SN	reads paired:	53280064	# paired-end technology bit set
SN	reads duplicated:	0	# PCR or optical duplicate bit set
SN	reads MQ0:	9699582	# mapped and MQ=0
SN	reads QC failed:	0
SN	non-primary alignments:	0
SN	supplementary alignments:	0
SN	total length:	1918082304	# ignores clipping
SN	total first fragment length:	959041152	# ignores clipping
SN	total last fragment length:	959041152	# ignores clipping
SN	bases mapped:	1535579568	# ignores clipping
SN	bases mapped (cigar):	1518294200	# more accurate
SN	bases trimmed:	0
SN	bases duplicated:	0
SN	mismatches:	13502440	# from NM fields
SN	error rate:	8.893165e-03	# mismatches / bases mapped (cigar)
SN	average length:	36
SN	average first fragment length:	36
SN	average last fragment length:	36
SN	maximum length:	36
SN	maximum first fragment length:	36
SN	maximum last fragment length:	36
SN	average quality:	31.4
SN	insert size average:	171.1
SN	insert size standard deviation:	54.3
SN	inward oriented pairs:	20068805
SN	outward oriented pairs:	92887
SN	pairs with other orientation:	3618
SN	pairs on different chromosomes:	49268
SN	percentage of properly paired reads (%):	75.6
# First Fragment Qualities. Use `grep ^FFQ | cut -f 2-` to extract this part.
# Columns correspond to qualities and rows to cycles. First column is the cycle number.
FFQ	1	0	0	910	0	0	0	0	0	0	0	0	0	0	0	2257427	0	0	0	0	0	0	1370081	0	0	0	0	0	64273	0	0	0	0	22947341	0	0	0	0	0
FFQ	2	0	0	262	0	0	0	0	0	0	0	0	0	0	0	2778220	0	0	0	0	0	0	897294	0	0	0	0	0	34214	0	0	0	0	22930042	0	0	0	0	0
FFQ	3	0	0	0	0	0	0	0	0	0	0	0	0	0	0	1732818	0	0	0	0	0	0	610739	0	0	0	0	0	13010	0	0	0	0	24283465	0	0	0	0	0
FFQ	4	0	0	0	0	0	0	0	0	0	0	0	0	0	0	1456834	0	0	0	0	0	0	709322	0	0	0	0	0	14526	0	0	0	0	24459350	0	0	0	0	0
FFQ	5	0	0	0	0	0	0	0	0	0	0	0	0	0	0	1256943	0	0	0	0	0	0	752874	0	0	0	0	0	11882	0	0	0	0	24618333	0	0	0	0	0
FFQ	6	0	0	952	0	0	0	0	0	0	0	0	0	0	0	1679800	0	0	0	0	0	0	1115403	0	0	0	0	0	17966	0	0	0	0	2558896	0	0	0	21267015	0
FFQ	7	0	0	474	0	0	0	0	0	0	0	0	0	0	0	2271343	0	0	0	0	0	0	1159501	0	0	0	0	0	72446	0	0	0	0	3069930	0	0	0	20066338	0
FFQ	8	0	0	363	0	0	0	0	0	0	0	0	0	0	0	2301792	0	0	0	0	0	0	1013884	0	0	0	0	0	80725	0	0	0	0	2910340	0	0	0	20332928	0
FFQ	9	0	0	304	0	0	0	0	0	0	0	0	0	0	0	1687286	0	0	0	0	0	0	925830	0	0	0	0	0	28384	0	0	0	0	2418458	0	0	0	21579770	0
FFQ	10	0	0	8	0	0	0	0	0	0	0	0	0	0	0	2232437	0	0	0	0	0	0	1091765	0	0	0	0	0	31565	0	0	0	0	2990934	0	0	0	20293323	0
FFQ	11	0	0	0	0	0	0	0	0	0	0	0	0	0	0	1631883	0	0	0	0	0	0	939055	0	0	0	0	0	28343	0	0	0	0	2391410	0	0	0	21649341	0
FFQ	12	0	0	0	0	0	0	0	0	0	0	0	0	0	0	1828244	0	0	0	0	0	0	858642	0	0	0	0	0	86306	0	0	0	0	2946210	0	0	0	20920630	0
FFQ	13	0	0	0	0	0	0	0	0	0	0	0	0	0	0	2280533	0	0	0	0	0	0	561601	0	0	0	0	0	267761	0	0	0	0	2561832	0	0	0	20968305	0
FFQ	14	0	0	0	0	0	0	0	0	0	0	0	0	0	0	2109207	0	0	0	0	0	0	552786	0	0	0	0	0	270415	0	0	0	0	2693428	0	0	0	21014196	0
FFQ	15	0	0	0	0	0	0	0	0	0	0	0	0	0	0	2492126	0	0	0	0	0	0	431284	0	0	0	0	0	312037	0	0	0	0	2509170	0	0	0	20895415	0
FFQ	16	0	0	0	0	0	0	0	0	0	0	0	0	0	0	2214212	0	0	0	0	0	0	482891	0	0	0	0	0	285077	0	0	0	0	2694376	0	0	0	20963476	0
FFQ	17	0	0	0	0	0	0	0	0	0	0	0	0	0	0	2153968	0	0	0	0	0	0	444922	0	0	0	0	0	244122	0	0	0	0	2279853	0	0	0	21517167	0
FFQ	18	0	0	0	0	0	0	0	0	0	0	0	0	0	0	2199101	0	0	0	0	0	0	546000	0	0	0	0	0	275370	0	0	0	0	2480874	0	0	0	21138687	0
FFQ	19	0	0	0	0	0	0	0	0	0	0	0	0	0	0	2002412	0	0	0	0	0	0	674284	0	0	0	0	0	167460	0	0	0	0	2657745	0	0	0	21138131	0
FFQ	20	0	0	0	0	0	0	0	0	0	0	0	0	0	0	2242477	0	0	0	0	0	0	518580	0	0	0	0	0	259086	0	0	0	0	2652894	0	0	0	20966995	0
FFQ	21	0	0	0	0	0	0	0	0	0	0	0	0	0	0	1998490	0	0	0	0	0	0	484014	0	0	0	0	0	175663	0	0	0	0	2216871	0	0	0	21764994	0
FFQ	22	0	0	0	0	0	0	0	0	0	0	0	0	0	0	2427852	0	0	0	0	0	0	685702	0	0	0	0	0	251221	0	0	0	0	2632775	0	0	0	20642482	0
FFQ	23	0	0	7	0	0	0	0	0	0	0	0	0	0	0	2467535	0	0	0	0	0	0	641446	0	0	0	0	0	286190	0	0	0	0	2531330	0	0	0	20713524	0
FFQ	24	0	0	0	0	0	0	0	0	0	0	0	0	0	0	2308184	0	0	0	0	0	0	526796	0	0	0	0	0	212096	0	0	0	0	2554809	0	0	0	21038147	0
FFQ	25	0	0	0	0	0	0	0	0	0	0	0	0	0	0	2523889	0	0	0	0	0	0	439093	0	0	0	0	0	255827	0	0	0	0	2560543	0	0	0	20860680	0
FFQ	26	0	0	0	0	0	0	0	0	0	0	0	0	0	0	2742193	0	0	0	0	0	0	548061	0	0	0	0	0	243139	0	0	0	0	2720517	0	0	0	20386122	0
FFQ	27	0	0	0	0	0	0	0	0	0	0	0	0	0	0	2789830	0	0	0	0	0	0	491521	0	0	0	0	0	266201	0	0	0	0	2749603	0	0	0	20342877	0
FFQ	28	0	0	0	0	0	0	0	0	0	0	0	0	0	0	3071892	0	0	0	0	0	0	406319	0	0	0	0	0	332297	0	0	0	0	2555944	0	0	0	20273580	0
FFQ	29	0	0	0	0	0	0	0	0	0	0	0	0	0	0	2714812	0	0	0	0	0	0	405312	0	0	0	0	0	278257	0	0	0	0	2208316	0	0	0	21033335	0
FFQ	30	0	0	20	0	0	0	0	0	0	0	0	0	0	0	2906977	0	0	0	0	0	0	477740	0	0	0	0	0	301765	0	0	0	0	2500484	0	0	0	20453046	0
FFQ	31	0	0	0	0	0	0	0	0	0	0	0	0	0	0	2910327	0	0	0	0	0	0	476970	0	0	0	0	0	289469	0	0	0	0	2631159	0	0	0	20332107	0
FFQ	32	0	0	12	0	0	0	0	0	0	0	0	0	0	0	3189457	0	0	0	0	0	0	475348	0	0	0	0	0	473270	0	0	0	0	2457360	0	0	0	20044585	0
FFQ	33	0	0	1	0	0	0	0	0	0	0	0	0	0	0	3092645	0	0	0	0	0	0	438940	0	0	0	0	0	400524	0	0	0	0	2522511	0	0	0	20185411	0
FFQ	34	0	0	0	0	0	0	0	0	0	0	0	0	0	0	3196580	0	0	0	0	0	0	452116	0	0	0	0	0	484179	0	0	0	0	2512166	0	0	0	19994991	0
FFQ	35	0	0	0	0	0	0	0	0	0	0	0	0	0	0	3368625	0	0	0	0	0	0	449402	0	0	0	0	0	527594	0	0	0	0	2705863	0	0	0	19588548	0
FFQ	36	0	0	0	0	0	0	0	0	0	0	0	0	0	0	3861432	0	0	0	0	0	0	557153	0	0	0	0	0	439264	0	0	0	0	3057626	0	0	0	18724557	0
# Last Fragment Qualities. Use `grep ^LFQ | cut -f 2-` to extract this part.
# Columns correspond to qualities and rows to cycles. First column is the cycle number.
LFQ	1	0	0	23508	0	0	0	0	0	0	0	0	0	0	0	2049726	0	0	0	0	0	0	1237373	0	0	0	0	0	63359	0	0	0	0	23266066	0	0	0	0	0
LFQ	2	0	0	14008	0	0	0	0	0	0	0	0	0	0	0	3148689	0	0	0	0	0	0	824342	0	0	0	0	0	30545	0	0	0	0	22622448	0	0	0	0	0
LFQ	3	0	0	5456	0	0	0	0	0	0	0	0	0	0	0	3047729	0	0	0	0	0	0	1141019	0	0	0	0	0	16594	0	0	0	0	22429234	0	0	0	0	0
LFQ	4	0	0	1396	0	0	0	0	0	0	0	0	0	0	0	3234777	0	0	0	0	0	0	1415934	0	0	0	0	0	12203	0	0	0	0	21975722	0	0	0	0	0
LFQ	5	0	0	1409	0	0	0	0	0	0	0	0	0	0	0	2794159	0	0	0	0	0	0	1331140	0	0	0	0	0	9327	0	0	0	0	22503997	0	0	0	0	0
LFQ	6	0	0	839	0	0	0	0	0	0	0	0	0	0	0	2521957	0	0	0	0	0	0	1332617	0	0	0	0	0	9912	0	0	0	0	2576001	0	0	0	20198706	0
LFQ	7	0	0	0	0	0	0	0	0	0	0	0	0	0	0	3120863	0	0	0	0	0	0	1986541	0	0	0	0	0	10869	0	0	0	0	2883561	0	0	0	18638198	0
LFQ	8	0	0	157	0	0	0	0	0	0	0	0	0	0	0	4129053	0	0	0	0	0	0	2292877	0	0	0	0	0	7665	0	0	0	0	3145108	0	0	0	17065172	0
LFQ	9	0	0	98	0	0	0	0	0	0	0	0	0	0	0	3958471	0	0	0	0	0	0	1796622	0	0	0	0	0	6544	0	0	0	0	3155309	0	0	0	17722988	0
LFQ	10	0	0	95	0	0	0	0	0	0	0	0	0	0	0	4789809	0	0	0	0	0	0	1960865	0	0	0	0	0	12846	0	0	0	0	3220064	0	0	0	16656353	0
LFQ	11	0	0	229	0	0	0	0	0	0	0	0	0	0	0	4376259	0	0	0	0	0	0	1707363	0	0	0	0	0	19570	0	0	0	0	3205080	0	0	0	17331531	0
LFQ	12	0	0	18	0	0	0	0	0	0	0	0	0	0	0	4689120	0	0	0	0	0	0	1765228	0	0	0	0	0	23948	0	0	0	0	3166372	0	0	0	16995346	0
LFQ	13	0	0	285	0	0	0	0	0	0	0	0	0	0	0	4227890	0	0	0	0	0	0	1514875	0	0	0	0	0	35719	0	0	0	0	3107813	0	0	0	17753450	0
LFQ	14	0	0	5	0	0	0	0	0	0	0	0	0	0	0	4206750	0	0	0	0	0	0	1850924	0	0	0	0	0	27963	0	0	0	0	3212255	0	0	0	17342135	0
LFQ	15	0	0	13	0	0	0	0	0	0	0	0	0	0	0	4538514	0	0	0	0	0	0	1917360	0	0	0	0	0	30536	0	0	0	0	3176794	0	0	0	16976815	0
LFQ	16	0	0	15	0	0	0	0	0	0	0	0	0	0	0	4163547	0	0	0	0	0	0	1574561	0	0	0	0	0	38733	0	0	0	0	3118480	0	0	0	17744696	0
LFQ	17	0	0	26	0	0	0	0	0	0	0	0	0	0	0	4196178	0	0	0	0	0	0	1847956	0	0	0	0	0	37478	0	0	0	0	3215183	0	0	0	17343211	0
LFQ	18	0	0	21	0	0	0	0	0	0	0	0	0	0	0	3868306	0	0	0	0	0	0	1617888	0	0	0	0	0	39006	0	0	0	0	3170718	0	0	0	17944093	0
LFQ	19	0	0	19	0	0	0	0	0	0	0	0	0	0	0	4288718	0	0	0	0	0	0	1554477	0	0	0	0	0	68583	0	0	0	0	3269555	0	0	0	17458680	0
LFQ	20	0	0	266	0	0	0	0	0	0	0	0	0	0	0	5918605	0	0	0	0	0	0	1167900	0	0	0	0	0	190932	0	0	0	0	3239280	0	0	0	16123049	0
LFQ	21	0	0	12	0	0	0	0	0	0	0	0	0	0	0	5760092	0	0	0	0	0	0	907991	0	0	0	0	0	250703	0	0	0	0	3237860	0	0	0	16483374	0
LFQ	22	0	0	16	0	0	0	0	0	0	0	0	0	0	0	5044787	0	0	0	0	0	0	924014	0	0	0	0	0	201790	0	0	0	0	3263683	0	0	0	17205742	0
LFQ	23	0	0	21	0	0	0	0	0	0	0	0	0	0	0	4508237	0	0	0	0	0	0	946566	0	0	0	0	0	175438	0	0	0	0	3190729	0	0	0	17819041	0
LFQ	24	0	0	67	0	0	0	0	0	0	0	0	0	0	0	5584987	0	0	0	0	0	0	968394	0	0	0	0	0	259578	0	0	0	0	3254752	0	0	0	16572254	0
LFQ	25	0	0	53	0	0	0	0	0	0	0	0	0	0	0	7235877	0	0	0	0	0	0	592152	0	0	0	0	0	441540	0	0	0	0	2978191	0	0	0	15392219	0
LFQ	26	0	0	47	0	0	0	0	0	0	0	0	0	0	0	6963087	0	0	0	0	0	0	418288	0	0	0	0	0	442614	0	0	0	0	2868813	0	0	0	15947183	0
LFQ	27	0	0	101	0	0	0	0	0	0	0	0	0	0	0	7169403	0	0	0	0	0	0	458146	0	0	0	0	0	341747	0	0	0	0	2691956	0	0	0	15978679	0
LFQ	28	0	0	38	0	0	0	0	0	0	0	0	0	0	0	6840633	0	0	0	0	0	0	537665	0	0	0	0	0	345702	0	0	0	0	2662985	0	0	0	16253009	0
LFQ	29	0	0	92	0	0	0	0	0	0	0	0	0	0	0	7096667	0	0	0	0	0	0	640487	0	0	0	0	0	295107	0	0	0	0	2441919	0	0	0	16165760	0
LFQ	30	0	0	99	0	0	0	0	0	0	0	0	0	0	0	7356846	0	0	0	0	0	0	699237	0	0	0	0	0	355372	0	0	0	0	2361922	0	0	0	15866556	0
LFQ	31	0	0	96	0	0	0	0	0	0	0	0	0	0	0	7627671	0	0	0	0	0	0	634699	0	0	0	0	0	355962	0	0	0	0	2265283	0	0	0	15756321	0
LFQ	32	0	0	67	0	0	0	0	0	0	0	0	0	0	0	7447615	0	0	0	0	0	0	643794	0	0	0	0	0	385882	0	0	0	0	2337734	0	0	0	15824940	0
LFQ	33	0	0	93	0	0	0	0	0	0	0	0	0	0	0	7387763	0	0	0	0	0	0	771177	0	0	0	0	0	465929	0	0	0	0	2318265	0	0	0	15696805	0
LFQ	34	0	0	60	0	0	0	0	0	0	0	0	0	0	0	7319892	0	0	0	0	0	0	752582	0	0	0	0	0	419787	0	0	0	0	2280955	0	0	0	15866756	0
LFQ	35	0	0	59	0	0	0	0	0	0	0	0	0	0	0	7452176	0	0	0	0	0	0	787290	0	0	0	0	0	469186	0	0	0	0	2267503	0	0	0	15663818	0
LFQ	36	0	0	43	0	0	0	0	0	0	0	0	0	0	0	7716775	0	0	0	0	0	0	967634	0	0	0	0	0	536990	0	0	0	0	2503557	0	0	0	14915033	0
# GC Content of first fragments. Use `grep ^GCF | cut -f 2-` to extract this part.
GCF	1.26	1486
GCF	4.02	3450
GCF	6.78	7707
GCF	9.55	15691
GCF	12.31	30090
GCF	15.08	54214
GCF	17.84	94281
GCF	20.60	159688
GCF	23.37	269049
GCF	26.13	468512
GCF	28.89	800415
GCF	31.66	1321730
GCF	34.42	1709441
GCF	37.19	2025093
GCF	39.95	2153743
GCF	42.71	2183767
GCF	45.48	2132198
GCF	48.24	2277024
GCF	51.26	6333164
GCF	54.02	1559533
GCF	56.78	1102480
GCF	59.55	761695
GCF	62.31	490626
GCF	65.08	293306
GCF	67.84	166076
GCF	70.60	91009
GCF	73.37	51174
GCF	76.13	31431
GCF	78.89	18935
GCF	81.66	12215
GCF	84.42	7973
GCF	87.19	5096
GCF	89.95	2972
GCF	92.71	1334
GCF	95.48	682
GCF	98.49	760
# GC Content of last fragments. Use `grep ^GCL | cut -f 2-` to extract this part.
GCL	1.26	1553
GCL	4.02	3749
GCL	6.78	7833
GCL	9.55	15326
GCL	12.31	28839
GCL	15.08	51411
GCL	17.84	90159
GCL	20.60	152929
GCL	23.37	260249
GCL	26.13	457653
GCL	28.89	784294
GCL	31.66	1286490
GCL	34.42	1676546
GCL	37.19	1978631
GCL	39.95	2128144
GCL	42.71	2170668
GCL	45.48	2114735
GCL	48.24	1977655
GCL	51.26	1766724
GCL	54.02	1492931
GCL	56.78	1180055
GCL	59.55	890664
GCL	62.31	678850
GCL	65.08	603810
GCL	67.84	825753
GCL	70.60	2173560
GCL	73.37	380026
GCL	76.13	235595
GCL	78.89	108334
GCL	81.66	71097
GCL	84.42	57533
GCL	87.19	56101
GCL	89.95	63590
GCL	92.71	81410
GCL	95.48	117812
GCL	98.49	195996
# ACGT content per cycle. Use `grep ^GCC | cut -f 2-` to extract this part. The columns are: cycle; A,C,G,T base counts as a percentage of all A/C/G/T bases [%]; and N and O counts as a percentage of all A/C/G/T bases [%]
GCC	1	22.29	22.91	32.15	22.65	0.05	0.00
GCC	2	31.09	18.89	23.58	26.44	0.03	0.00
GCC	3	25.61	19.33	23.86	31.20	0.01	0.00
GCC	4	23.43	26.60	25.95	24.01	0.00	0.00
GCC	5	23.41	21.41	31.17	24.01	0.00	0.00
GCC	6	23.05	21.78	31.58	23.58	0.00	0.00
GCC	7	30.44	19.70	24.21	25.65	0.00	0.00
GCC	8	30.62	19.77	23.93	25.68	0.00	0.00
GCC	9	22.94	21.98	31.55	23.53	0.00	0.00
GCC	10	30.60	19.86	23.92	25.62	0.00	0.00
GCC	11	22.92	22.00	31.51	23.56	0.00	0.00
GCC	12	23.01	27.30	26.17	23.51	0.00	0.00
GCC	13	30.14	19.99	24.30	25.56	0.00	0.00
GCC	14	22.96	27.14	26.26	23.64	0.00	0.00
GCC	15	30.16	20.20	24.17	25.48	0.00	0.00
GCC	16	22.75	27.42	26.63	23.21	0.00	0.00
GCC	17	22.67	22.27	31.67	23.38	0.00	0.00
GCC	18	24.69	20.21	24.72	30.38	0.00	0.00
GCC	19	22.72	27.29	26.45	23.54	0.00	0.00
GCC	20	25.18	20.08	23.84	30.90	0.00	0.00
GCC	21	22.82	22.17	31.37	23.64	0.00	0.00
GCC	22	30.04	19.97	24.40	25.59	0.00	0.00
GCC	23	30.07	19.90	24.42	25.61	0.00	0.00
GCC	24	23.05	27.12	26.30	23.53	0.00	0.00
GCC	25	25.88	19.98	23.36	30.77	0.00	0.00
GCC	26	29.22	25.84	20.16	24.77	0.00	0.00
GCC	27	29.10	26.02	20.32	24.57	0.00	0.00
GCC	28	36.57	19.00	17.97	26.46	0.00	0.00
GCC	29	29.53	20.82	25.00	24.64	0.00	0.00
GCC	30	31.14	18.82	18.11	31.93	0.00	0.00
GCC	31	28.56	25.95	20.47	25.02	0.00	0.00
GCC	32	32.63	18.82	18.27	30.28	0.00	0.00
GCC	33	26.48	25.67	19.96	27.89	0.00	0.00
GCC	34	27.51	18.83	18.06	35.60	0.00	0.00
GCC	35	29.12	18.49	17.81	34.58	0.00	0.00
GCC	36	33.05	18.48	17.85	30.63	0.00	0.00
# ACGT content per cycle, read oriented. Use `grep ^GCT | cut -f 2-` to extract this part. The columns are: cycle; A,C,G,T base counts as a percentage of all A/C/G/T bases [%]
GCT	1	26.34	16.76	38.30	18.60
GCT	2	33.94	16.05	26.43	23.58
GCT	3	24.77	16.68	26.51	32.05
GCT	4	23.99	26.10	26.46	23.46
GCT	5	24.36	16.76	35.82	23.05
GCT	6	23.57	16.75	36.61	23.06
GCT	7	33.33	16.85	27.07	22.76
GCT	8	33.44	17.12	26.57	22.86
GCT	9	23.46	17.24	36.29	23.01
GCT	10	33.44	17.21	26.57	22.79
GCT	11	23.55	17.31	36.20	22.93
GCT	12	23.51	27.07	26.41	23.01
GCT	13	32.75	17.54	26.76	22.96
GCT	14	23.39	26.93	26.47	23.21
GCT	15	32.76	17.83	26.53	22.88
GCT	16	23.12	27.15	26.89	22.84
GCT	17	23.11	17.71	36.23	22.94
GCT	18	22.94	17.75	27.18	32.13
GCT	19	23.14	26.91	26.83	23.12
GCT	20	23.49	17.55	26.37	32.59
GCT	21	23.25	17.41	36.13	23.21
GCT	22	32.72	17.23	27.14	22.90
GCT	23	32.75	17.40	26.92	22.93
GCT	24	23.69	26.73	26.68	22.89
GCT	25	24.37	17.68	25.66	32.29
GCT	26	31.03	26.76	19.25	22.97
GCT	27	30.76	26.88	19.46	22.90
GCT	28	40.45	17.69	19.28	22.59
GCT	29	31.40	17.23	28.60	22.78
GCT	30	30.80	17.51	19.42	32.26
GCT	31	30.32	26.68	19.74	23.26
GCT	32	36.42	17.67	19.42	26.49
GCT	33	28.16	26.55	19.08	26.21
GCT	34	26.91	17.64	19.25	36.20
GCT	35	28.62	17.22	19.08	35.08
GCT	36	36.45	17.28	19.04	27.22
# ACGT content per cycle for first fragments. Use `grep ^FBC | cut -f 2-` to extract this part. The columns are: cycle; A,C,G,T base counts as a percentage of all A/C/G/T bases [%]; and N and O counts as a percentage of all A/C/G/T bases [%]
FBC	1	22.56	22.93	31.53	22.98	0.00	0.00
FBC	2	38.55	16.50	16.17	28.77	0.00	0.00
FBC	3	28.06	17.01	16.67	38.26	0.00	0.00
FBC	4	23.89	31.16	20.56	24.39	0.00	0.00
FBC	5	23.70	21.10	30.90	24.30	0.00	0.00
FBC	6	23.24	21.57	31.43	23.76	0.00	0.00
FBC	7	37.84	17.28	16.99	27.88	0.00	0.00
FBC	8	37.79	17.34	17.03	27.84	0.00	0.00
FBC	9	22.95	21.74	31.76	23.56	0.00	0.00
FBC	10	37.60	17.46	17.18	27.77	0.00	0.00
FBC	11	22.89	21.74	31.76	23.61	0.00	0.00
FBC	12	22.97	32.03	21.47	23.54	0.00	0.00
FBC	13	37.47	17.55	17.25	27.73	0.00	0.00
FBC	14	23.04	32.02	21.35	23.59	0.00	0.00
FBC	15	37.44	17.68	17.26	27.63	0.00	0.00
FBC	16	22.87	32.22	21.66	23.25	0.00	0.00
FBC	17	22.66	22.12	31.93	23.28	0.00	0.00
FBC	18	26.90	17.89	17.63	37.58	0.00	0.00
FBC	19	22.83	32.15	21.51	23.51	0.00	0.00
FBC	20	27.06	17.81	17.35	37.78	0.00	0.00
FBC	21	22.79	21.89	31.75	23.57	0.00	0.00
FBC	22	37.37	17.57	17.41	27.65	0.00	0.00
FBC	23	37.54	17.48	17.23	27.76	0.00	0.00
FBC	24	23.13	31.89	21.43	23.54	0.00	0.00
FBC	25	27.02	17.84	17.44	37.70	0.00	0.00
FBC	26	22.96	31.90	21.49	23.65	0.00	0.00
FBC	27	22.96	32.15	21.57	23.33	0.00	0.00
FBC	28	37.02	18.08	17.64	27.25	0.00	0.00
FBC	29	23.19	21.77	31.52	23.52	0.00	0.00
FBC	30	27.06	17.77	17.73	37.44	0.00	0.00
FBC	31	22.98	31.88	21.54	23.61	0.00	0.00
FBC	32	37.12	17.90	17.50	27.48	0.00	0.00
FBC	33	23.24	31.76	21.48	23.53	0.00	0.00
FBC	34	27.12	17.91	17.45	37.51	0.00	0.00
FBC	35	27.45	17.39	17.22	37.93	0.00	0.00
FBC	36	37.33	17.52	17.38	27.77	0.00	0.00
# ACGT raw counters for first fragments. Use `grep ^FTC | cut -f 2-` to extract this part. The columns are: A,C,G,T,N base counters
FTC	271351736	215784345	207037189	264864569	3313
# ACGT content per cycle for last fragments. Use `grep ^LBC | cut -f 2-` to extract this part. The columns are: cycle; A,C,G,T base counts as a percentage of all A/C/G/T bases [%]; and N and O counts as a percentage of all A/C/G/T bases [%]
LBC	1	22.02	22.88	32.78	22.32	0.09	0.00
LBC	2	23.63	21.28	31.00	24.10	0.05	0.00
LBC	3	23.17	21.64	31.05	24.14	0.02	0.00
LBC	4	22.97	22.05	31.35	23.63	0.01	0.00
LBC	5	23.11	21.73	31.44	23.72	0.01	0.00
LBC	6	22.87	21.99	31.73	23.40	0.00	0.00
LBC	7	23.04	22.11	31.43	23.42	0.00	0.00
LBC	8	23.46	22.20	30.82	23.52	0.00	0.00
LBC	9	22.94	22.22	31.35	23.49	0.00	0.00
LBC	10	23.61	22.26	30.66	23.47	0.00	0.00
LBC	11	22.95	22.26	31.27	23.52	0.00	0.00
LBC	12	23.05	22.58	30.88	23.49	0.00	0.00
LBC	13	22.81	22.43	31.36	23.39	0.00	0.00
LBC	14	22.87	22.26	31.18	23.69	0.00	0.00
LBC	15	22.88	22.72	31.08	23.33	0.00	0.00
LBC	16	22.62	22.62	31.59	23.18	0.00	0.00
LBC	17	22.68	22.43	31.40	23.49	0.00	0.00
LBC	18	22.48	22.54	31.80	23.19	0.00	0.00
LBC	19	22.60	22.43	31.39	23.58	0.00	0.00
LBC	20	23.31	22.35	30.32	24.02	0.00	0.00
LBC	21	22.86	22.44	30.99	23.71	0.00	0.00
LBC	22	22.70	22.37	31.40	23.53	0.00	0.00
LBC	23	22.61	22.31	31.61	23.47	0.00	0.00
LBC	24	22.98	22.34	31.16	23.52	0.00	0.00
LBC	25	24.74	22.12	29.29	23.85	0.00	0.00
LBC	26	35.48	19.79	18.83	25.90	0.00	0.00
LBC	27	35.23	19.89	19.07	25.81	0.00	0.00
LBC	28	36.12	19.92	18.29	25.67	0.00	0.00
LBC	29	35.88	19.88	18.48	25.76	0.00	0.00
LBC	30	35.23	19.87	18.50	26.41	0.00	0.00
LBC	31	34.14	20.02	19.40	26.43	0.00	0.00
LBC	32	28.13	19.74	19.05	33.09	0.00	0.00
LBC	33	29.72	19.58	18.45	32.25	0.00	0.00
LBC	34	27.89	19.75	18.67	33.69	0.00	0.00
LBC	35	30.78	19.59	18.39	31.24	0.00	0.00
LBC	36	28.77	19.43	18.31	33.49	0.00	0.00
# ACGT raw counters for last fragments. Use `grep ^LTC | cut -f 2-` to extract this part. The columns are: A,C,G,T,N base counters
LTC	248361306	206184311	262590679	241856029	48827
# Insert sizes. Use `grep ^IS | cut -f 2-` to extract this part. The columns are: insert size, pairs total, inward oriented pairs, outward oriented pairs, other pairs
IS	0	65	0	8	57
IS	1	0	0	0	0
IS	2	1879	0	1874	5
IS	3	1953	0	1952	1
IS	4	2003	0	2001	2
IS	5	2093	0	2092	1
IS	6	2204	0	2203	1
IS	7	2193	0	2193	0
IS	8	2239	0	2238	1
IS	9	2254	0	2252	2
IS	10	2453	0	2453	0
IS	11	2459	0	2458	1
IS	12	2457	0	2456	1
IS	13	2511	0	2510	1
IS	14	2398	0	2398	0
IS	15	2597	0	2597	0
IS	16	2555	0	2555	0
IS	17	2537	0	2537	0
IS	18	2421	0	2421	0
IS	19	3059	259	2800	0
IS	20	3134	287	2847	0
IS	21	3290	280	3010	0
IS	22	3198	366	2832	0
IS	23	3299	391	2908	0
IS	24	3577	500	3077	0
IS	25	3589	609	2978	2
IS	26	3462	676	2786	0
IS	27	3430	723	2706	1
IS	28	3560	854	2706	0
IS	29	3772	909	2863	0
IS	30	3872	989	2883	0
IS	31	4148	1217	2931	0
IS	32	4262	1251	3010	1
IS	33	4273	1291	2982	0
IS	34	4322	1225	3097	0
IS	35	4305	762	3542	1
IS	36	4421	2414	2006	1
IS	37	4456	4435	21	0
IS	38	4411	4403	7	1
IS	39	4400	4399	0	1
IS	40	4187	4187	0	0
IS	41	3958	3954	4	0
IS	42	4015	4015	0	0
IS	43	4389	4388	1	0
IS	44	5097	5095	1	1
IS	45	6582	6581	0	1
IS	46	6979	6979	0	0
IS	47	6651	6650	0	1
IS	48	6792	6790	0	2
IS	49	6524	6522	0	2
IS	50	6406	6404	0	2
IS	51	6243	6242	0	1
IS	52	6268	6268	0	0
IS	53	5845	5845	0	0
IS	54	6250	6247	1	2
IS	55	6130	6130	0	0
IS	56	5998	5996	0	2
IS	57	5974	5972	0	2
IS	58	5967	5964	0	3
IS	59	5978	5977	0	1
IS	60	5999	5997	1	1
IS	61	6079	6079	0	0
IS	62	6215	6213	1	1
IS	63	6435	6434	0	1
IS	64	6731	6730	0	1
IS	65	6994	6993	0	1
IS	66	7067	7064	0	3
IS	67	7462	7461	0	1
IS	68	7630	7627	1	2
IS	69	7977	7973	0	4
IS	70	8275	8271	0	4
IS	71	8707	8706	0	1
IS	72	9306	9299	0	7
IS	73	10686	10683	1	2
IS	74	11913	11910	0	3
IS	75	12573	12571	1	1
IS	76	13391	13387	1	3
IS	77	14631	14626	2	3
IS	78	15211	15209	0	2
IS	79	16638	16634	2	2
IS	80	17820	17817	2	1
IS	81	19185	19180	0	5
IS	82	20826	20821	1	4
IS	83	22382	22378	1	3
IS	84	24199	24193	0	6
IS	85	26144	26141	0	3
IS	86	28118	28110	0	8
IS	87	30219	30214	1	4
IS	88	32943	32932	0	11
IS	89	35606	35599	0	7
IS	90	38572	38571	0	1
IS	91	40880	40875	0	5
IS	92	44021	44009	1	11
IS	93	46850	46844	1	5
IS	94	49785	49778	0	7
IS	95	52839	52823	1	15
IS	96	56691	56683	0	8
IS	97	59521	59515	0	6
IS	98	63378	63373	0	5
IS	99	66005	65998	1	6
IS	100	69799	69792	2	5
IS	101	73141	73136	1	4
IS	102	76345	76343	1	1
IS	103	79588	79582	0	6
IS	104	83055	83040	0	15
IS	105	86566	86556	1	9
IS	106	89232	89224	0	8
IS	107	92841	92835	1	5
IS	108	95940	95931	0	9
IS	109	99520	99508	0	12
IS	110	102772	102765	0	7
IS	111	108119	108114	0	5
IS	112	110943	110931	0	12
IS	113	114572	114560	0	12
IS	114	116603	116595	0	8
IS	115	119585	119570	0	15
IS	116	122260	122257	0	3
IS	117	124430	124423	0	7
IS	118	127575	127568	0	7
IS	119	129906	129903	0	3
IS	120	132108	132104	0	4
IS	121	134304	134297	0	7
IS	122	137168	137160	0	8
IS	123	138028	138022	1	5
IS	124	139469	139461	0	8
IS	125	140459	140452	0	7
IS	126	142777	142772	0	5
IS	127	143982	143976	0	6
IS	128	146488	146479	0	9
IS	129	147797	147791	0	6
IS	130	148498	148488	0	10
IS	131	150010	149997	0	13
IS	132	150945	150937	0	8
IS	133	152537	152532	1	4
IS	134	153390	153387	0	3
IS	135	153006	153001	0	5
IS	136	153206	153196	1	9
IS	137	155016	155008	0	8
IS	138	155283	155279	0	4
IS	139	155145	155134	0	11
IS	140	155975	155967	0	8
IS	141	156783	156779	0	4
IS	142	156722	156715	0	7
IS	143	156839	156832	0	7
IS	144	155935	155931	0	4
IS	145	155623	155617	0	6
IS	146	155618	155613	0	5
IS	147	155736	155729	0	7
IS	148	155742	155735	1	6
IS	149	154471	154465	0	6
IS	150	154550	154541	0	9
IS	151	154197	154191	0	6
IS	152	154224	154214	0	10
IS	153	153939	153932	0	7
IS	154	152838	152831	1	6
IS	155	152053	152049	0	4
IS	156	151766	151763	0	3
IS	157	151910	151903	0	7
IS	158	150400	150389	0	11
IS	159	148837	148833	0	4
IS	160	148318	148312	0	6
IS	161	148391	148385	0	6
IS	162	147496	147489	1	6
IS	163	146968	146962	1	5
IS	164	146117	146111	0	6
IS	165	145030	145026	0	4
IS	166	144042	144035	0	7
IS	167	142276	142270	2	4
IS	168	141998	141990	0	8
IS	169	141403	141399	1	3
IS	170	140620	140617	0	3
IS	171	139338	139327	0	11
IS	172	138709	138699	1	9
IS	173	137497	137492	0	5
IS	174	136335	136330	0	5
IS	175	134903	134899	0	4
IS	176	134330	134325	0	5
IS	177	132577	132570	0	7
IS	178	132115	132109	1	5
IS	179	130649	130644	0	5
IS	180	129593	129587	0	6
IS	181	127885	127880	1	4
IS	182	127648	127642	1	5
IS	183	125994	125989	1	4
IS	184	125408	125404	1	3
IS	185	123295	123286	0	9
IS	186	121819	121814	0	5
IS	187	120626	120621	0	5
IS	188	119651	119649	0	2
IS	189	118551	118548	0	3
IS	190	116978	116971	0	7
IS	191	115764	115762	0	2
IS	192	114736	114731	0	5
IS	193	113236	113233	0	3
IS	194	112613	112607	0	6
IS	195	111597	111588	0	9
IS	196	110067	110060	0	7
IS	197	108597	108594	0	3
IS	198	107425	107420	0	5
IS	199	106921	106920	0	1
IS	200	105886	105881	0	5
IS	201	105019	105016	0	3
IS	202	103253	103247	0	6
IS	203	102811	102808	0	3
IS	204	100892	100890	0	2
IS	205	99970	99965	1	4
IS	206	98272	98269	0	3
IS	207	97550	97547	0	3
IS	208	95677	95676	0	1
IS	209	94605	94602	0	3
IS	210	92997	92992	0	5
IS	211	92416	92408	0	8
IS	212	90587	90583	0	4
IS	213	89029	89027	0	2
IS	214	88289	88284	1	4
IS	215	87492	87490	0	2
IS	216	85963	85961	1	1
IS	217	84700	84699	0	1
IS	218	83441	83435	2	4
IS	219	82258	82257	1	0
IS	220	81269	81264	1	4
IS	221	79781	79780	0	1
IS	222	79317	79314	0	3
IS	223	77925	77923	0	2
IS	224	76739	76734	0	5
IS	225	75725	75722	1	2
IS	226	74010	74008	0	2
IS	227	73048	73046	0	2
IS	228	70929	70929	0	0
IS	229	69916	69912	0	4
IS	230	67226	67223	0	3
IS	231	66281	66277	1	3
IS	232	63284	63283	0	1
IS	233	62297	62294	0	3
IS	234	60724	60722	0	2
IS	235	58673	58668	0	5
IS	236	58019	58017	0	2
IS	237	56564	56561	0	3
IS	238	56001	55998	0	3
IS	239	55322	55320	0	2
IS	240	54356	54353	1	2
IS	241	53549	53546	1	2
IS	242	52499	52496	2	1
IS	243	51487	51484	2	1
IS	244	50616	50611	3	2
IS	245	50062	50060	1	1
IS	246	48343	48341	2	0
IS	247	48172	48167	2	3
IS	248	47292	47288	2	2
IS	249	46041	46040	1	0
IS	250	45217	45212	2	3
IS	251	43839	43835	2	2
IS	252	42692	42685	5	2
IS	253	42118	42112	4	2
IS	254	41394	41390	2	2
IS	255	41121	41116	1	4
IS	256	39989	39982	5	2
IS	257	39459	39458	1	0
IS	258	39002	38995	4	3
IS	259	38217	38215	2	0
IS	260	37716	37716	0	0
IS	261	36741	36740	0	1
IS	262	36132	36132	0	0
IS	263	35903	35902	1	0
IS	264	34862	34861	0	1
IS	265	34364	34364	0	0
IS	266	33702	33702	0	0
IS	267	32936	32935	0	1
IS	268	32048	32048	0	0
IS	269	31714	31714	0	0
IS	270	30148	30148	0	0
IS	271	30209	30209	0	0
IS	272	29693	29693	0	0
IS	273	28781	28781	0	0
IS	274	28491	28490	0	1
IS	275	27798	27797	0	1
IS	276	27470	27470	0	0
IS	277	26612	26611	0	1
IS	278	25638	25637	0	1
IS	279	24204	24203	0	1
IS	280	23366	23365	0	1
IS	281	23046	23046	0	0
IS	282	22578	22578	0	0
IS	283	22126	22125	0	1
IS	284	21609	21608	0	1
IS	285	21302	21301	0	1
IS	286	20891	20891	0	0
IS	287	20552	20551	0	1
IS	288	20375	20375	0	0
IS	289	19963	19963	0	0
IS	290	19534	19534	0	0
IS	291	19099	19099	0	0
IS	292	18846	18843	1	2
IS	293	18432	18429	1	2
IS	294	17987	17987	0	0
IS	295	17241	17240	0	1
IS	296	16713	16711	1	1
IS	297	16350	16350	0	0
IS	298	15792	15791	1	0
IS	299	15272	15270	2	0
IS	300	14684	14683	1	0
IS	301	14502	14501	0	1
IS	302	14008	14008	0	0
IS	303	13914	13914	0	0
IS	304	13394	13394	0	0
IS	305	13011	13010	0	1
IS	306	12605	12605	0	0
IS	307	12300	12299	0	1
IS	308	11692	11691	0	1
IS	309	11263	11263	0	0
IS	310	11260	11260	0	0
IS	311	10639	10637	1	1
IS	312	10707	10707	0	0
IS	313	10324	10324	0	0
IS	314	10241	10241	0	0
IS	315	10043	10043	0	0
IS	316	9765	9764	0	1
IS	317	9437	9436	0	1
IS	318	9242	9242	0	0
IS	319	9143	9143	0	0
IS	320	9038	9038	0	0
IS	321	8672	8672	0	0
IS	322	8414	8414	0	0
IS	323	8357	8357	0	0
IS	324	7995	7995	0	0
IS	325	7800	7800	0	0
IS	326	7606	7606	0	0
IS	327	7340	7339	0	1
IS	328	7226	7226	0	0
IS	329	7069	7068	0	1
IS	330	6919	6919	0	0
IS	331	6686	6686	0	0
IS	332	6582	6581	1	0
IS	333	6287	6285	0	2
IS	334	6225	6224	0	1
IS	335	6225	6225	0	0
IS	336	6035	6034	0	1
IS	337	5816	5816	0	0
IS	338	5620	5619	1	0
IS	339	5582	5582	0	0
IS	340	5583	5583	0	0
IS	341	5491	5491	0	0
# Read lengths. Use `grep ^RL | cut -f 2-` to extract this part. The columns are: read length, count
RL	36	53280064
# Read lengths - first fragments. Use `grep ^FRL | cut -f 2-` to extract this part. The columns are: read length, count
FRL	36	26640032
# Read lengths - last fragments. Use `grep ^LRL | cut -f 2-` to extract this part. The columns are: read length, count
LRL	36	26640032
# Mapping qualities for reads !(UNMAP|SECOND|SUPPL|QCFAIL|DUP). Use `grep ^MAPQ | cut -f 2-` to extract this part. The columns are: mapq, count
MAPQ	0	9699582
MAPQ	1	142407
MAPQ	2	108258
MAPQ	3	120832
MAPQ	4	101917
MAPQ	5	101353
MAPQ	6	120116
MAPQ	7	122821
MAPQ	8	106007
MAPQ	9	112697
MAPQ	10	89924
MAPQ	11	81537
MAPQ	12	95728
MAPQ	13	142456
MAPQ	14	185815
MAPQ	15	143987
MAPQ	16	119472
MAPQ	17	99955
MAPQ	18	82607
MAPQ	19	88872
MAPQ	20	71340
MAPQ	21	73018
MAPQ	22	83012
MAPQ	23	67901
MAPQ	24	89678
MAPQ	25	102283
MAPQ	26	24190
MAPQ	27	151115
MAPQ	28	28196
MAPQ	29	25439
MAPQ	30	210716
MAPQ	31	36285
MAPQ	32	20685
MAPQ	33	46803
MAPQ	34	23509
MAPQ	35	21567
MAPQ	36	29260
MAPQ	37	31278
MAPQ	38	16212
MAPQ	39	47043
MAPQ	40	1433745
MAPQ	41	45433
MAPQ	42	38959
MAPQ	43	53537
MAPQ	44	51079
MAPQ	45	53044
MAPQ	46	64586
MAPQ	47	44951
MAPQ	48	63159
MAPQ	49	130446
MAPQ	50	44888
MAPQ	51	50704
MAPQ	52	43547
MAPQ	53	65768
MAPQ	54	83980
MAPQ	55	66111
MAPQ	56	51776
MAPQ	57	64462
MAPQ	58	70379
MAPQ	59	87667
MAPQ	60	26980894
# Indel distribution. Use `grep ^ID | cut -f 2-` to extract this part. The columns are: length, number of insertions, number of deletions
ID	1	30816	113102
ID	2	2329	10796
ID	3	517	1536
ID	4	288	576
ID	5	62	102
ID	6	11	81
ID	7	0	67
ID	8	0	209
ID	9	0	57
ID	10	0	4
ID	11	0	4
# Indels per cycle. Use `grep ^IC | cut -f 2-` to extract this part. The columns are: cycle, number of insertions (fwd), .. (rev) , number of deletions (fwd), .. (rev)
IC	3	0	0	1205	1170
IC	4	641	676	1297	1305
IC	5	537	566	1277	1171
IC	6	372	390	1248	1195
IC	7	293	308	1366	1260
IC	8	367	398	2002	1969
IC	9	505	556	2160	2151
IC	10	489	526	2051	2036
IC	11	469	498	2183	2156
IC	12	480	488	2354	2302
IC	13	468	538	2422	2389
IC	14	587	535	2495	2604
IC	15	523	509	2534	2537
IC	16	544	537	2521	2520
IC	17	596	585	2637	2613
IC	18	535	515	2555	2437
IC	19	573	577	2579	2592
IC	20	565	549	2666	2671
IC	21	549	548	2498	2480
IC	22	557	536	2553	2571
IC	23	523	490	2424	2399
IC	24	508	558	2342	2200
IC	25	524	472	2174	2182
IC	26	485	492	2041	2018
IC	27	482	872	2033	2247
IC	28	500	747	1882	2318
IC	29	305	431	1328	1615
IC	30	332	485	1267	1553
IC	31	471	789	1365	1597
IC	32	741	1113	1543	1850
IC	33	1059	2159	1390	2034
# Coverage distribution. Use `grep ^COV | cut -f 2-` to extract this part.
COV	[1-1]	1	639343301
COV	[2-2]	2	172709337
COV	[3-3]	3	40751480
COV	[4-4]	4	9854385
COV	[5-5]	5	3040473
COV	[6-6]	6	1387379
COV	[7-7]	7	845272
COV	[8-8]	8	597508
COV	[9-9]	9	450313
COV	[10-10]	10	353682
COV	[11-11]	11	284868
COV	[12-12]	12	233442
COV	[13-13]	13	195212
COV	[14-14]	14	165916
COV	[15-15]	15	142857
COV	[16-16]	16	123653
COV	[17-17]	17	107379
COV	[18-18]	18	93330
COV	[19-19]	19	81490
COV	[20-20]	20	71927
COV	[21-21]	21	63312
COV	[22-22]	22	55835
COV	[23-23]	23	50571
COV	[24-24]	24	44850
COV	[25-25]	25	39195
COV	[26-26]	26	34835
COV	[27-27]	27	31401
COV	[28-28]	28	28056
COV	[29-29]	29	25209
COV	[30-30]	30	22600
COV	[31-31]	31	20087
COV	[32-32]	32	18049
COV	[33-33]	33	15908
COV	[34-34]	34	14325
COV	[35-35]	35	12725
COV	[36-36]	36	11668
COV	[37-37]	37	10301
COV	[38-38]	38	9537
COV	[39-39]	39	8807
COV	[40-40]	40	7844
COV	[41-41]	41	7226
COV	[42-42]	42	6627
COV	[43-43]	43	5882
COV	[44-44]	44	5401
COV	[45-45]	45	5089
COV	[46-46]	46	4625
COV	[47-47]	47	4429
COV	[48-48]	48	4023
COV	[49-49]	49	3810
COV	[50-50]	50	3578
COV	[51-51]	51	3236
COV	[52-52]	52	3112
COV	[53-53]	53	2808
COV	[54-54]	54	2698
COV	[55-55]	55	2516
COV	[56-56]	56	2348
COV	[57-57]	57	2279
COV	[58-58]	58	2060
COV	[59-59]	59	1895
COV	[60-60]	60	1740
COV	[61-61]	61	1639
COV	[62-62]	62	1605
COV	[63-63]	63	1403
COV	[64-64]	64	1419
COV	[65-65]	65	1355
COV	[66-66]	66	1222
COV	[67-67]	67	1191
COV	[68-68]	68	1153
COV	[69-69]	69	1010
COV	[70-70]	70	952
COV	[71-71]	71	980
COV	[72-72]	72	930
COV	[73-73]	73	861
COV	[74-74]	74	913
COV	[75-75]	75	801
COV	[76-76]	76	669
COV	[77-77]	77	638
COV	[78-78]	78	691
COV	[79-79]	79	620
COV	[80-80]	80	618
COV	[81-81]	81	614
COV	[82-82]	82	534
COV	[83-83]	83	556
COV	[84-84]	84	540
COV	[85-85]	85	524
COV	[86-86]	86	487
COV	[87-87]	87	468
COV	[88-88]	88	453
COV	[89-89]	89	529
COV	[90-90]	90	416
COV	[91-91]	91	470
COV	[92-92]	92	449
COV	[93-93]	93	414
COV	[94-94]	94	463
COV	[95-95]	95	377
COV	[96-96]	96	433
COV	[97-97]	97	372
COV	[98-98]	98	323
COV	[99-99]	99	341
COV	[100-100]	100	349
COV	[101-101]	101	362
COV	[102-102]	102	338
COV	[103-103]	103	315
COV	[104-104]	104	270
COV	[105-105]	105	272
COV	[106-106]	106	256
COV	[107-107]	107	291
COV	[108-108]	108	235
COV	[109-109]	109	288
COV	[110-110]	110	294
COV	[111-111]	111	281
COV	[112-112]	112	237
COV	[113-113]	113	320
COV	[114-114]	114	249
COV	[115-115]	115	314
COV	[116-116]	116	246
COV	[117-117]	117	274
COV	[118-118]	118	277
COV	[119-119]	119	260
COV	[120-120]	120	313
COV	[121-121]	121	274
COV	[122-122]	122	260
COV	[123-123]	123	264
COV	[124-124]	124	270
COV	[125-125]	125	236
COV	[126-126]	126	261
COV	[127-127]	127	284
COV	[128-128]	128	225
COV	[129-129]	129	245
COV	[130-130]	130	247
COV	[131-131]	131	227
COV	[132-132]	132	225
COV	[133-133]	133	231
COV	[134-134]	134	230
COV	[135-135]	135	246
COV	[136-136]	136	222
COV	[137-137]	137	175
COV	[138-138]	138	201
COV	[139-139]	139	260
COV	[140-140]	140	255
COV	[141-141]	141	229
COV	[142-142]	142	263
COV	[143-143]	143	210
COV	[144-144]	144	199
COV	[145-145]	145	211
COV	[146-146]	146	268
COV	[147-147]	147	214
COV	[148-148]	148	200
COV	[149-149]	149	200
COV	[150-150]	150	231
COV	[151-151]	151	260
COV	[152-152]	152	190
COV	[153-153]	153	175
COV	[154-154]	154	202
COV	[155-155]	155	202
COV	[156-156]	156	189
COV	[157-157]	157	256
COV	[158-158]	158	229
COV	[159-159]	159	225
COV	[160-160]	160	223
COV	[161-161]	161	195
COV	[162-162]	162	181
COV	[163-163]	163	158
COV	[164-164]	164	182
COV	[165-165]	165	154
COV	[166-166]	166	201
COV	[167-167]	167	171
COV	[168-168]	168	162
COV	[169-169]	169	192
COV	[170-170]	170	177
COV	[171-171]	171	153
COV	[172-172]	172	197
COV	[173-173]	173	211
COV	[174-174]	174	205
COV	[175-175]	175	167
COV	[176-176]	176	179
COV	[177-177]	177	153
COV	[178-178]	178	158
COV	[179-179]	179	178
COV	[180-180]	180	166
COV	[181-181]	181	150
COV	[182-182]	182	187
COV	[183-183]	183	164
COV	[184-184]	184	155
COV	[185-185]	185	172
COV	[186-186]	186	196
COV	[187-187]	187	149
COV	[188-188]	188	148
COV	[189-189]	189	189
COV	[190-190]	190	183
COV	[191-191]	191	194
COV	[192-192]	192	187
COV	[193-193]	193	166
COV	[194-194]	194	221
COV	[195-195]	195	208
COV	[196-196]	196	203
COV	[197-197]	197	168
COV	[198-198]	198	154
COV	[199-199]	199	138
COV	[200-200]	200	213
COV	[201-201]	201	161
COV	[202-202]	202	138
COV	[203-203]	203	148
COV	[204-204]	204	136
COV	[205-205]	205	153
COV	[206-206]	206	142
COV	[207-207]	207	173
COV	[208-208]	208	180
COV	[209-209]	209	134
COV	[210-210]	210	134
COV	[211-211]	211	147
COV	[212-212]	212	130
COV	[213-213]	213	150
COV	[214-214]	214	146
COV	[215-215]	215	148
COV	[216-216]	216	126
COV	[217-217]	217	136
COV	[218-218]	218	168
COV	[219-219]	219	126
COV	[220-220]	220	145
COV	[221-221]	221	170
COV	[222-222]	222	146
COV	[223-223]	223	140
COV	[224-224]	224	165
COV	[225-225]	225	147
COV	[226-226]	226	145
COV	[227-227]	227	141
COV	[228-228]	228	136
COV	[229-229]	229	126
COV	[230-230]	230	199
COV	[231-231]	231	145
COV	[232-232]	232	180
COV	[233-233]	233	154
COV	[234-234]	234	141
COV	[235-235]	235	136
COV	[236-236]	236	152
COV	[237-237]	237	148
COV	[238-238]	238	148
COV	[239-239]	239	125
COV	[240-240]	240	164
COV	[241-241]	241	167
COV	[242-242]	242	140
COV	[243-243]	243	133
COV	[244-244]	244	158
COV	[245-245]	245	135
COV	[246-246]	246	190
COV	[247-247]	247	155
COV	[248-248]	248	112
COV	[249-249]	249	130
COV	[250-250]	250	131
COV	[251-251]	251	128
COV	[252-252]	252	176
COV	[253-253]	253	134
COV	[254-254]	254	135
COV	[255-255]	255	132
COV	[256-256]	256	147
COV	[257-257]	257	170
COV	[258-258]	258	127
COV	[259-259]	259	141
COV	[260-260]	260	144
COV	[261-261]	261	122
COV	[262-262]	262	103
COV	[263-263]	263	127
COV	[264-264]	264	128
COV	[265-265]	265	127
COV	[266-266]	266	112
COV	[267-267]	267	115
COV	[268-268]	268	144
COV	[269-269]	269	110
COV	[270-270]	270	124
COV	[271-271]	271	150
COV	[272-272]	272	94
COV	[273-273]	273	144
COV	[274-274]	274	138
COV	[275-275]	275	154
COV	[276-276]	276	109
COV	[277-277]	277	137
COV	[278-278]	278	114
COV	[279-279]	279	106
COV	[280-280]	280	102
COV	[281-281]	281	100
COV	[282-282]	282	105
COV	[283-283]	283	136
COV	[284-284]	284	100
COV	[285-285]	285	119
COV	[286-286]	286	102
COV	[287-287]	287	147
COV	[288-288]	288	130
COV	[289-289]	289	109
COV	[290-290]	290	149
COV	[291-291]	291	109
COV	[292-292]	292	103
COV	[293-293]	293	105
COV	[294-294]	294	108
COV	[295-295]	295	106
COV	[296-296]	296	142
COV	[297-297]	297	111
COV	[298-298]	298	115
COV	[299-299]	299	92
COV	[300-300]	300	113
COV	[301-301]	301	107
COV	[302-302]	302	84
COV	[303-303]	303	98
COV	[304-304]	304	87
COV	[305-305]	305	96
COV	[306-306]	306	83
COV	[307-307]	307	94
COV	[308-308]	308	97
COV	[309-309]	309	96
COV	[310-310]	310	88
COV	[311-311]	311	107
COV	[312-312]	312	99
COV	[313-313]	313	101
COV	[314-314]	314	126
COV	[315-315]	315	113
COV	[316-316]	316	92
COV	[317-317]	317	96
COV	[318-318]	318	97
COV	[319-319]	319	87
COV	[320-320]	320	90
COV	[321-321]	321	79
COV	[322-322]	322	95
COV	[323-323]	323	73
COV	[324-324]	324	119
COV	[325-325]	325	83
COV	[326-326]	326	83
COV	[327-327]	327	81
COV	[328-328]	328	118
COV	[329-329]	329	89
COV	[330-330]	330	82
COV	[331-331]	331	85
COV	[332-332]	332	107
COV	[333-333]	333	86
COV	[334-334]	334	70
COV	[335-335]	335	103
COV	[336-336]	336	92
COV	[337-337]	337	86
COV	[338-338]	338	85
COV	[339-339]	339	86
COV	[340-340]	340	90
COV	[341-341]	341	76
COV	[342-342]	342	82
COV	[343-343]	343	80
COV	[344-344]	344	86
COV	[345-345]	345	109
COV	[346-346]	346	73
COV	[347-347]	347	79
COV	[348-348]	348	92
COV	[349-349]	349	82
COV	[350-350]	350	88
COV	[351-351]	351	78
COV	[352-352]	352	97
COV	[353-353]	353	100
COV	[354-354]	354	90
COV	[355-355]	355	75
COV	[356-356]	356	81
COV	[357-357]	357	100
COV	[358-358]	358	115
COV	[359-359]	359	102
COV	[360-360]	360	76
COV	[361-361]	361	92
COV	[362-362]	362	89
COV	[363-363]	363	73
COV	[364-364]	364	98
COV	[365-365]	365	65
COV	[366-366]	366	93
COV	[367-367]	367	77
COV	[368-368]	368	81
COV	[369-369]	369	99
COV	[370-370]	370	80
COV	[371-371]	371	78
COV	[372-372]	372	77
COV	[373-373]	373	76
COV	[374-374]	374	70
COV	[375-375]	375	82
COV	[376-376]	376	86
COV	[377-377]	377	88
COV	[378-378]	378	99
COV	[379-379]	379	98
COV	[380-380]	380	83
COV	[381-381]	381	83
COV	[382-382]	382	108
COV	[383-383]	383	83
COV	[384-384]	384	81
COV	[385-385]	385	101
COV	[386-386]	386	88
COV	[387-387]	387	116
COV	[388-388]	388	78
COV	[389-389]	389	82
COV	[390-390]	390	87
COV	[391-391]	391	85
COV	[392-392]	392	91
COV	[393-393]	393	73
COV	[394-394]	394	61
COV	[395-395]	395	95
COV	[396-396]	396	77
COV	[397-397]	397	91
COV	[398-398]	398	89
COV	[399-399]	399	126
COV	[400-400]	400	81
COV	[401-401]	401	96
COV	[402-402]	402	76
COV	[403-403]	403	97
COV	[404-404]	404	91
COV	[405-405]	405	72
COV	[406-406]	406	90
COV	[407-407]	407	85
COV	[408-408]	408	75
COV	[409-409]	409	85
COV	[410-410]	410	81
COV	[411-411]	411	93
COV	[412-412]	412	88
COV	[413-413]	413	91
COV	[414-414]	414	91
COV	[415-415]	415	72
COV	[416-416]	416	68
COV	[417-417]	417	103
COV	[418-418]	418	92
COV	[419-419]	419	80
COV	[420-420]	420	85
COV	[421-421]	421	115
COV	[422-422]	422	111
COV	[423-423]	423	78
COV	[424-424]	424	78
COV	[425-425]	425	73
COV	[426-426]	426	76
COV	[427-427]	427	96
COV	[428-428]	428	81
COV	[429-429]	429	91
COV	[430-430]	430	77
COV	[431-431]	431	62
COV	[432-432]	432	67
COV	[433-433]	433	110
COV	[434-434]	434	74
COV	[435-435]	435	99
COV	[436-436]	436	71
COV	[437-437]	437	74
COV	[438-438]	438	83
COV	[439-439]	439	88
COV	[440-440]	440	90
COV	[441-441]	441	83
COV	[442-442]	442	88
COV	[443-443]	443	75
COV	[444-444]	444	86
COV	[445-445]	445	66
COV	[446-446]	446	81
COV	[447-447]	447	84
COV	[448-448]	448	78
COV	[449-449]	449	103
COV	[450-450]	450	72
COV	[451-451]	451	89
COV	[452-452]	452	83
COV	[453-453]	453	70
COV	[454-454]	454	90
COV	[455-455]	455	81
COV	[456-456]	456	106
COV	[457-457]	457	59
COV	[458-458]	458	82
COV	[459-459]	459	70
COV	[460-460]	460	96
COV	[461-461]	461	81
COV	[462-462]	462	78
COV	[463-463]	463	71
COV	[464-464]	464	71
COV	[465-465]	465	83
COV	[466-466]	466	78
COV	[467-467]	467	55
COV	[468-468]	468	63
COV	[469-469]	469	77
COV	[470-470]	470	73
COV	[471-471]	471	83
COV	[472-472]	472	62
COV	[473-473]	473	74
COV	[474-474]	474	73
COV	[475-475]	475	68
COV	[476-476]	476	54
COV	[477-477]	477	67
COV	[478-478]	478	65
COV	[479-479]	479	74
COV	[480-480]	480	74
COV	[481-481]	481	51
COV	[482-482]	482	64
COV	[483-483]	483	66
COV	[484-484]	484	74
COV	[485-485]	485	71
COV	[486-486]	486	58
COV	[487-487]	487	66
COV	[488-488]	488	71
COV	[489-489]	489	74
COV	[490-490]	490	64
COV	[491-491]	491	57
COV	[492-492]	492	70
COV	[493-493]	493	61
COV	[494-494]	494	76
COV	[495-495]	495	65
COV	[496-496]	496	66
COV	[497-497]	497	74
COV	[498-498]	498	70
COV	[499-499]	499	79
COV	[500-500]	500	66
COV	[501-501]	501	76
COV	[502-502]	502	65
COV	[503-503]	503	53
COV	[504-504]	504	68
COV	[505-505]	505	67
COV	[506-506]	506	104
COV	[507-507]	507	79
COV	[508-508]	508	76
COV	[509-509]	509	59
COV	[510-510]	510	63
COV	[511-511]	511	62
COV	[512-512]	512	61
COV	[513-513]	513	54
COV	[514-514]	514	58
COV	[515-515]	515	55
COV	[516-516]	516	87
COV	[517-517]	517	64
COV	[518-518]	518	55
COV	[519-519]	519	66
COV	[520-520]	520	67
COV	[521-521]	521	69
COV	[522-522]	522	52
COV	[523-523]	523	60
COV	[524-524]	524	64
COV	[525-525]	525	61
COV	[526-526]	526	58
COV	[527-527]	527	57
COV	[528-528]	528	66
COV	[529-529]	529	65
COV	[530-530]	530	56
COV	[531-531]	531	61
COV	[532-532]	532	71
COV	[533-533]	533	68
COV	[534-534]	534	58
COV	[535-535]	535	58
COV	[536-536]	536	63
COV	[537-537]	537	80
COV	[538-538]	538	60
COV	[539-539]	539	71
COV	[540-540]	540	88
COV	[541-541]	541	54
COV	[542-542]	542	54
COV	[543-543]	543	60
COV	[544-544]	544	69
COV	[545-545]	545	61
COV	[546-546]	546	67
COV	[547-547]	547	62
COV	[548-548]	548	53
COV	[549-549]	549	50
COV	[550-550]	550	57
COV	[551-551]	551	57
COV	[552-552]	552	56
COV	[553-553]	553	60
COV	[554-554]	554	66
COV	[555-555]	555	71
COV	[556-556]	556	60
COV	[557-557]	557	56
COV	[558-558]	558	68
COV	[559-559]	559	46
COV	[560-560]	560	53
COV	[561-561]	561	67
COV	[562-562]	562	69
COV	[563-563]	563	50
COV	[564-564]	564	48
COV	[565-565]	565	48
COV	[566-566]	566	55
COV	[567-567]	567	53
COV	[568-568]	568	48
COV	[569-569]	569	36
COV	[570-570]	570	55
COV	[571-571]	571	47
COV	[572-572]	572	57
COV	[573-573]	573	50
COV	[574-574]	574	48
COV	[575-575]	575	59
COV	[576-576]	576	49
COV	[577-577]	577	56
COV	[578-578]	578	59
COV	[579-579]	579	56
COV	[580-580]	580	64
COV	[581-581]	581	59
COV	[582-582]	582	44
COV	[583-583]	583	60
COV	[584-584]	584	70
COV	[585-585]	585	56
COV	[586-586]	586	61
COV	[587-587]	587	48
COV	[588-588]	588	60
COV	[589-589]	589	79
COV	[590-590]	590	68
COV	[591-591]	591	52
COV	[592-592]	592	72
COV	[593-593]	593	79
COV	[594-594]	594	68
COV	[595-595]	595	58
COV	[596-596]	596	63
COV	[597-597]	597	58
COV	[598-598]	598	50
COV	[599-599]	599	53
COV	[600-600]	600	51
COV	[601-601]	601	74
COV	[602-602]	602	61
COV	[603-603]	603	56
COV	[604-604]	604	47
COV	[605-605]	605	66
COV	[606-606]	606	51
COV	[607-607]	607	57
COV	[608-608]	608	47
COV	[609-609]	609	62
COV	[610-610]	610	50
COV	[611-611]	611	75
COV	[612-612]	612	57
COV	[613-613]	613	64
COV	[614-614]	614	51
COV	[615-615]	615	67
COV	[616-616]	616	49
COV	[617-617]	617	78
COV	[618-618]	618	71
COV	[619-619]	619	59
COV	[620-620]	620	67
COV	[621-621]	621	51
COV	[622-622]	622	53
COV	[623-623]	623	44
COV	[624-624]	624	56
COV	[625-625]	625	49
COV	[626-626]	626	62
COV	[627-627]	627	53
COV	[628-628]	628	52
COV	[629-629]	629	46
COV	[630-630]	630	50
COV	[631-631]	631	43
COV	[632-632]	632	45
COV	[633-633]	633	46
COV	[634-634]	634	48
COV	[635-635]	635	56
COV	[636-636]	636	51
COV	[637-637]	637	46
COV	[638-638]	638	45
COV	[639-639]	639	42
COV	[640-640]	640	58
COV	[641-641]	641	57
COV	[642-642]	642	40
COV	[643-643]	643	59
COV	[644-644]	644	48
COV	[645-645]	645	55
COV	[646-646]	646	57
COV	[647-647]	647	62
COV	[648-648]	648	54
COV	[649-649]	649	34
COV	[650-650]	650	47
COV	[651-651]	651	52
COV	[652-652]	652	45
COV	[653-653]	653	83
COV	[654-654]	654	47
COV	[655-655]	655	44
COV	[656-656]	656	72
COV	[657-657]	657	41
COV	[658-658]	658	48
COV	[659-659]	659	74
COV	[660-660]	660	50
COV	[661-661]	661	51
COV	[662-662]	662	70
COV	[663-663]	663	45
COV	[664-664]	664	59
COV	[665-665]	665	53
COV	[666-666]	666	32
COV	[667-667]	667	51
COV	[668-668]	668	47
COV	[669-669]	669	46
COV	[670-670]	670	49
COV	[671-671]	671	53
COV	[672-672]	672	75
COV	[673-673]	673	50
COV	[674-674]	674	52
COV	[675-675]	675	44
COV	[676-676]	676	38
COV	[677-677]	677	38
COV	[678-678]	678	40
COV	[679-679]	679	46
COV	[680-680]	680	43
COV	[681-681]	681	50
COV	[682-682]	682	42
COV	[683-683]	683	80
COV	[684-684]	684	51
COV	[685-685]	685	36
COV	[686-686]	686	44
COV	[687-687]	687	63
COV	[688-688]	688	71
COV	[689-689]	689	49
COV	[690-690]	690	51
COV	[691-691]	691	45
COV	[692-692]	692	40
COV	[693-693]	693	40
COV	[694-694]	694	56
COV	[695-695]	695	44
COV	[696-696]	696	53
COV	[697-697]	697	52
COV	[698-698]	698	37
COV	[699-699]	699	44
COV	[700-700]	700	38
COV	[701-701]	701	78
COV	[702-702]	702	42
COV	[703-703]	703	62
COV	[704-704]	704	55
COV	[705-705]	705	34
COV	[706-706]	706	62
COV	[707-707]	707	43
COV	[708-708]	708	54
COV	[709-709]	709	51
COV	[710-710]	710	45
COV	[711-711]	711	50
COV	[712-712]	712	53
COV	[713-713]	713	47
COV	[714-714]	714	38
COV	[715-715]	715	44
COV	[716-716]	716	48
COV	[717-717]	717	38
COV	[718-718]	718	62
COV	[719-719]	719	50
COV	[720-720]	720	35
COV	[721-721]	721	43
COV	[722-722]	722	37
COV	[723-723]	723	52
COV	[724-724]	724	39
COV	[725-725]	725	46
COV	[726-726]	726	53
COV	[727-727]	727	55
COV	[728-728]	728	47
COV	[729-729]	729	46
COV	[730-730]	730	41
COV	[731-731]	731	43
COV	[732-732]	732	36
COV	[733-733]	733	48
COV	[734-734]	734	39
COV	[735-735]	735	41
COV	[736-736]	736	57
COV	[737-737]	737	46
COV	[738-738]	738	39
COV	[739-739]	739	40
COV	[740-740]	740	51
COV	[741-741]	741	48
COV	[742-742]	742	50
COV	[743-743]	743	41
COV	[744-744]	744	42
COV	[745-745]	745	42
COV	[746-746]	746	51
COV	[747-747]	747	38
COV	[748-748]	748	42
COV	[749-749]	749	41
COV	[750-750]	750	41
COV	[751-751]	751	43
COV	[752-752]	752	47
COV	[753-753]	753	32
COV	[754-754]	754	37
COV	[755-755]	755	62
COV	[756-756]	756	52
COV	[757-757]	757	41
COV	[758-758]	758	45
COV	[759-759]	759	41
COV	[760-760]	760	48
COV	[761-761]	761	45
COV	[762-762]	762	44
COV	[763-763]	763	35
COV	[764-764]	764	46
COV	[765-765]	765	42
COV	[766-766]	766	31
COV	[767-767]	767	42
COV	[768-768]	768	42
COV	[769-769]	769	43
COV	[770-770]	770	49
COV	[771-771]	771	31
COV	[772-772]	772	61
COV	[773-773]	773	42
COV	[774-774]	774	50
COV	[775-775]	775	44
COV	[776-776]	776	45
COV	[777-777]	777	28
COV	[778-778]	778	33
COV	[779-779]	779	47
COV	[780-780]	780	65
COV	[781-781]	781	41
COV	[782-782]	782	28
COV	[783-783]	783	35
COV	[784-784]	784	49
COV	[785-785]	785	40
COV	[786-786]	786	44
COV	[787-787]	787	37
COV	[788-788]	788	48
COV	[789-789]	789	41
COV	[790-790]	790	39
COV	[791-791]	791	29
COV	[792-792]	792	46
COV	[793-793]	793	35
COV	[794-794]	794	40
COV	[795-795]	795	34
COV	[796-796]	796	59
COV	[797-797]	797	30
COV	[798-798]	798	41
COV	[799-799]	799	50
COV	[800-800]	800	63
COV	[801-801]	801	37
COV	[802-802]	802	49
COV	[803-803]	803	40
COV	[804-804]	804	36
COV	[805-805]	805	40
COV	[806-806]	806	37
COV	[807-807]	807	42
COV	[808-808]	808	32
COV	[809-809]	809	33
COV	[810-810]	810	26
COV	[811-811]	811	39
COV	[812-812]	812	33
COV	[813-813]	813	37
COV	[814-814]	814	25
COV	[815-815]	815	42
COV	[816-816]	816	44
COV	[817-817]	817	33
COV	[818-818]	818	29
COV	[819-819]	819	41
COV	[820-820]	820	52
COV	[821-821]	821	34
COV	[822-822]	822	35
COV	[823-823]	823	29
COV	[824-824]	824	39
COV	[825-825]	825	43
COV	[826-826]	826	39
COV	[827-827]	827	39
COV	[828-828]	828	48
COV	[829-829]	829	43
COV	[830-830]	830	41
COV	[831-831]	831	40
COV	[832-832]	832	48
COV	[833-833]	833	33
COV	[834-834]	834	45
COV	[835-835]	835	39
COV	[836-836]	836	36
COV	[837-837]	837	36
COV	[838-838]	838	78
COV	[839-839]	839	41
COV	[840-840]	840	40
COV	[841-841]	841	42
COV	[842-842]	842	33
COV	[843-843]	843	50
COV	[844-844]	844	66
COV	[845-845]	845	47
COV	[846-846]	846	34
COV	[847-847]	847	35
COV	[848-848]	848	44
COV	[849-849]	849	42
COV	[850-850]	850	34
COV	[851-851]	851	34
COV	[852-852]	852	37
COV	[853-853]	853	29
COV	[854-854]	854	45
COV	[855-855]	855	28
COV	[856-856]	856	50
COV	[857-857]	857	32
COV	[858-858]	858	44
COV	[859-859]	859	36
COV	[860-860]	860	37
COV	[861-861]	861	35
COV	[862-862]	862	35
COV	[863-863]	863	40
COV	[864-864]	864	30
COV	[865-865]	865	43
COV	[866-866]	866	33
COV	[867-867]	867	32
COV	[868-868]	868	37
COV	[869-869]	869	42
COV	[870-870]	870	35
COV	[871-871]	871	38
COV	[872-872]	872	38
COV	[873-873]	873	39
COV	[874-874]	874	27
COV	[875-875]	875	30
COV	[876-876]	876	38
COV	[877-877]	877	48
COV	[878-878]	878	51
COV	[879-879]	879	35
COV	[880-880]	880	34
COV	[881-881]	881	30
COV	[882-882]	882	33
COV	[883-883]	883	26
COV	[884-884]	884	36
COV	[885-885]	885	36
COV	[886-886]	886	41
COV	[887-887]	887	41
COV	[888-888]	888	40
COV	[889-889]	889	37
COV	[890-890]	890	43
COV	[891-891]	891	61
COV	[892-892]	892	28
COV	[893-893]	893	39
COV	[894-894]	894	34
COV	[895-895]	895	35
COV	[896-896]	896	33
COV	[897-897]	897	49
COV	[898-898]	898	32
COV	[899-899]	899	53
COV	[900-900]	900	44
COV	[901-901]	901	49
COV	[902-902]	902	44
COV	[903-903]	903	20
COV	[904-904]	904	26
COV	[905-905]	905	44
COV	[906-906]	906	33
COV	[907-907]	907	33
COV	[908-908]	908	40
COV	[909-909]	909	37
COV	[910-910]	910	25
COV	[911-911]	911	41
COV	[912-912]	912	36
COV	[913-913]	913	43
COV	[914-914]	914	45
COV	[915-915]	915	30
COV	[916-916]	916	34
COV	[917-917]	917	33
COV	[918-918]	918	30
COV	[919-919]	919	31
COV	[920-920]	920	27
COV	[921-921]	921	27
COV	[922-922]	922	26
COV	[923-923]	923	32
COV	[924-924]	924	42
COV	[925-925]	925	37
COV	[926-926]	926	36
COV	[927-927]	927	47
COV	[928-928]	928	43
COV	[929-929]	929	41
COV	[930-930]	930	42
COV	[931-931]	931	85
COV	[932-932]	932	35
COV	[933-933]	933	30
COV	[934-934]	934	32
COV	[935-935]	935	34
COV	[936-936]	936	31
COV	[937-937]	937	38
COV	[938-938]	938	29
COV	[939-939]	939	38
COV	[940-940]	940	41
COV	[941-941]	941	33
COV	[942-942]	942	39
COV	[943-943]	943	54
COV	[944-944]	944	38
COV	[945-945]	945	40
COV	[946-946]	946	34
COV	[947-947]	947	33
COV	[948-948]	948	27
COV	[949-949]	949	44
COV	[950-950]	950	34
COV	[951-951]	951	25
COV	[952-952]	952	39
COV	[953-953]	953	24
COV	[954-954]	954	42
COV	[955-955]	955	33
COV	[956-956]	956	38
COV	[957-957]	957	33
COV	[958-958]	958	33
COV	[959-959]	959	33
COV	[960-960]	960	36
COV	[961-961]	961	35
COV	[962-962]	962	36
COV	[963-963]	963	41
COV	[964-964]	964	33
COV	[965-965]	965	38
COV	[966-966]	966	38
COV	[967-967]	967	33
COV	[968-968]	968	28
COV	[969-969]	969	30
COV	[970-970]	970	32
COV	[971-971]	971	25
COV	[972-972]	972	40
COV	[973-973]	973	39
COV	[974-974]	974	32
COV	[975-975]	975	31
COV	[976-976]	976	30
COV	[977-977]	977	34
COV	[978-978]	978	36
COV	[979-979]	979	28
COV	[980-980]	980	62
COV	[981-981]	981	81
COV	[982-982]	982	32
COV	[983-983]	983	27
COV	[984-984]	984	26
COV	[985-985]	985	33
COV	[986-986]	986	30
COV	[987-987]	987	34
COV	[988-988]	988	39
COV	[989-989]	989	27
COV	[990-990]	990	39
COV	[991-991]	991	34
COV	[992-992]	992	27
COV	[993-993]	993	31
COV	[994-994]	994	36
COV	[995-995]	995	27
COV	[996-996]	996	32
COV	[997-997]	997	31
COV	[998-998]	998	36
COV	[999-999]	999	38
COV	[1000-1000]	1000	35
COV	[1000<]	1000	43632
# GC-depth. Use `grep ^GCD | cut -f 2-` to extract this part. The columns are: GC%, unique sequence percentiles, 10th, 25th, 50th, 75th and 90th depth percentile
GCD	0.0	0.002	0.000	0.000	0.000	0.000	0.000
GCD	30.0	0.004	0.142	0.142	0.151	0.225	0.225
GCD	31.0	0.005	0.302	0.302	2.894	5.485	5.485
GCD	32.0	0.007	0.113	0.113	0.271	0.428	0.428
GCD	33.0	0.009	0.117	0.117	0.128	54.358	54.358
GCD	34.0	0.014	0.016	0.034	0.068	1.231	4.702
GCD	35.0	0.021	0.134	0.228	0.663	264.224	1632.061
GCD	36.0	0.065	0.119	0.138	0.241	0.329	65.838
GCD	37.0	0.317	0.175	0.248	0.295	0.338	0.378
GCD	38.0	1.610	0.175	0.271	0.324	0.364	0.401
GCD	39.0	5.920	0.200	0.293	0.346	0.391	0.434
GCD	40.0	15.419	0.211	0.311	0.371	0.419	0.468
GCD	41.0	28.845	0.230	0.340	0.400	0.455	0.515
GCD	42.0	42.917	0.250	0.369	0.430	0.488	0.558
GCD	43.0	54.939	0.286	0.403	0.463	0.518	0.601
GCD	44.0	65.371	0.349	0.432	0.484	0.540	0.632
GCD	45.0	73.938	0.403	0.454	0.500	0.560	0.670
GCD	46.0	80.878	0.419	0.463	0.511	0.578	0.711
GCD	47.0	86.262	0.428	0.466	0.515	0.589	0.742
GCD	48.0	90.235	0.425	0.464	0.517	0.599	0.772
GCD	49.0	93.244	0.423	0.464	0.515	0.613	0.799
GCD	50.0	95.424	0.414	0.450	0.508	0.612	0.799
GCD	51.0	97.026	0.409	0.446	0.506	0.607	0.799
GCD	52.0	98.115	0.410	0.450	0.513	0.639	0.861
GCD	53.0	98.840	0.394	0.439	0.511	0.661	0.855
GCD	54.0	99.301	0.401	0.446	0.520	0.682	0.862
GCD	55.0	99.546	0.392	0.445	0.538	0.698	0.927
GCD	56.0	99.676	0.400	0.459	0.561	0.729	1.011
GCD	57.0	99.746	0.394	0.450	0.628	0.859	1.091
GCD	58.0	99.786	0.398	0.500	0.617	0.861	1.302
GCD	59.0	99.812	0.378	0.477	0.733	0.986	1.624
GCD	60.0	99.832	0.564	0.646	0.762	0.951	1.331
GCD	61.0	99.843	0.364	0.555	0.733	0.864	1.663
GCD	62.0	99.856	0.475	0.664	0.724	1.010	1.427
GCD	63.0	99.872	0.338	0.617	0.799	1.025	1.272
GCD	64.0	99.880	0.360	0.695	0.787	0.846	1.703
GCD	65.0	99.884	0.749	0.779	0.828	0.932	0.959
GCD	66.0	99.891	0.727	0.802	1.058	5.863	16.573
GCD	67.0	99.896	0.639	0.729	1.028	1.685	4.334
GCD	68.0	99.904	0.761	0.864	1.080	1.316	1.580
GCD	69.0	99.911	1.013	1.330	3.002	18.918	915.736
GCD	70.0	99.913	0.837	0.837	0.977	2.097	2.097
GCD	71.0	99.917	0.965	1.284	2.110	2.660	2.862
GCD	72.0	99.923	0.783	0.823	1.031	1.633	1.899
GCD	73.0	99.927	1.318	1.321	1.937	20.428	27.083
GCD	74.0	99.931	1.057	1.120	1.339	1.516	1.577
GCD	75.0	99.935	1.085	1.110	1.704	23.375	72.047
GCD	76.0	99.939	1.161	1.427	1.930	60.279	117.844
GCD	77.0	99.944	0.994	1.037	1.283	1.486	1.609
GCD	78.0	99.949	1.485	1.534	2.117	4.163	6.687
GCD	79.0	99.952	1.615	1.913	3.009	26.130	33.770
GCD	80.0	99.955	2.068	2.102	2.320	2.470	2.482
GCD	81.0	99.959	1.730	1.957	2.272	4.505	5.695
GCD	82.0	99.964	1.424	1.981	2.222	4.182	7.186
GCD	83.0	99.967	1.924	2.589	4.072	8.022	9.367
GCD	84.0	99.969	5.780	5.780	11.726	17.672	17.672
GCD	85.0	99.971	1.831	1.831	2.095	2.668	2.668
GCD	86.0	99.973	2.394	2.394	3.895	3.897	3.897
GCD	87.0	99.976	2.381	2.381	3.244	4.037	4.037
GCD	88.0	99.979	2.839	3.290	4.892	6.147	7.335
GCD	89.0	99.982	5.575	5.575	6.701	8.489	8.489
GCD	90.0	99.983	9.630	9.630	9.630	9.630	9.630
GCD	91.0	99.986	9.680	9.900	10.945	15.793	17.280
GCD	92.0	99.988	4.835	4.835	5.832	12.175	12.175
GCD	93.0	99.989	14.141	14.141	14.141	14.141	14.141
GCD	95.0	99.992	7.110	16.414	30.697	61.576	78.298
GCD	96.0	99.993	78.404	78.404	78.404	78.404	78.404
GCD	98.0	99.994	190.615	190.615	190.615	190.615	190.615
GCD	99.0	99.997	97.605	98.155	103.639	124.443	130.100
GCD	100.0	100.000	92.772	92.944	93.802	94.373	94.450
