# This file was produced by samtools stats (1.20+htslib-1.20) and can be plotted using plot-bamstats
# This file contains statistics for all reads.
# The command line was:  stats -F SECONDARY /mnt/data/bioinfo-estadistica-2/enosedal/BioInfo2026-2-ENG/module_04_alignment/data/NA20538.bam
# CHK, Checksum	[2]Read Names	[3]Sequences	[4]Qualities
# CHK, CRC32 of reads which passed filtering followed by addition (32bit overflow)
CHK	14ad5a44	b9736b75	d4f02655
# Summary Numbers. Use `grep ^SN | cut -f 2-` to extract this part.
SN	raw total sequences:	347367	# excluding supplementary and secondary reads
SN	filtered sequences:	0
SN	sequences:	347367
SN	is sorted:	1
SN	1st fragments:	174411
SN	last fragments:	172956
SN	reads mapped:	323966
SN	reads mapped and paired:	298906	# paired-end technology bit set + both mates mapped
SN	reads unmapped:	23401
SN	reads properly paired:	286546	# proper-pair bit set
SN	reads paired:	345708	# paired-end technology bit set
SN	reads duplicated:	3212	# PCR or optical duplicate bit set
SN	reads MQ0:	17779	# mapped and MQ=0
SN	reads QC failed:	0
SN	non-primary alignments:	0
SN	supplementary alignments:	0
SN	total length:	17953503	# ignores clipping
SN	total first fragment length:	9018082	# ignores clipping
SN	total last fragment length:	8935421	# ignores clipping
SN	bases mapped:	17019151	# ignores clipping
SN	bases mapped (cigar):	16337323	# more accurate
SN	bases trimmed:	0
SN	bases duplicated:	224066
SN	mismatches:	158471	# from NM fields
SN	error rate:	9.699937e-03	# mismatches / bases mapped (cigar)
SN	average length:	52
SN	average first fragment length:	52
SN	average last fragment length:	52
SN	maximum length:	108
SN	maximum first fragment length:	108
SN	maximum last fragment length:	108
SN	average quality:	28.0
SN	insert size average:	190.3
SN	insert size standard deviation:	136.4
SN	inward oriented pairs:	144580
SN	outward oriented pairs:	598
SN	pairs with other orientation:	215
SN	pairs on different chromosomes:	4055
SN	percentage of properly paired reads (%):	82.5
# First Fragment Qualities. Use `grep ^FFQ | cut -f 2-` to extract this part.
# Columns correspond to qualities and rows to cycles. First column is the cycle number.
FFQ	1	0	0	0	0	2	3	10	17	0	0	32	68	71	39	54	143	324	743	731	943	495	731	1376	2456	2292	3496	3038	3975	12869	1931	138027	462	75	0	0	8	0	0	0	0	0	0
FFQ	2	0	0	1	0	4	6	8	17	17	57	84	145	199	226	312	444	708	701	1035	1054	1315	1588	1750	2801	2967	3519	4904	7605	14425	21636	41927	38855	24581	1472	41	6	1	0	0	0	0	0
FFQ	3	0	0	1	1	6	9	13	16	32	55	90	122	192	252	268	440	706	726	947	1063	1339	1362	1811	2512	3406	3119	2934	4973	10153	17190	22196	40589	39470	18137	227	54	0	0	0	0	0	0
FFQ	4	0	0	1	3	6	5	16	14	20	75	75	116	171	214	273	457	620	681	886	1107	1160	1437	1601	2476	3121	2948	2974	5142	8443	13158	23636	30889	46557	25571	388	148	3	19	0	0	0	0
FFQ	5	0	9	10	16	10	8	23	36	35	68	109	143	241	274	335	556	719	807	1065	1193	1428	1397	1653	2629	2989	3050	3334	5425	8657	14062	23349	25421	43084	24170	7867	146	63	28	1	0	1	0
FFQ	6	0	2	0	5	1	8	12	19	29	41	81	118	167	205	295	377	577	688	881	1026	1214	1419	1423	2274	2727	3011	2825	4983	6123	12731	19572	26964	42283	36787	5242	168	112	20	0	0	1	0
FFQ	7	0	0	0	1	1	0	6	17	23	29	89	118	152	271	243	401	555	619	795	1085	1213	1298	1476	1955	2885	3072	2837	4229	6187	11028	18966	28041	38355	38302	9681	100	125	109	90	26	31	0
FFQ	8	0	0	0	2	1	0	12	14	15	19	73	99	136	239	254	330	497	685	671	1070	1208	1347	1430	1810	2669	2919	3318	3221	6232	9592	18925	24788	33908	41303	17302	118	136	43	22	2	1	0
FFQ	9	0	1	0	1	3	1	8	21	29	34	82	121	132	201	285	320	528	620	701	1178	1193	1269	1611	2040	2783	2969	3316	4447	6960	11280	19744	26295	39060	35816	10977	147	94	83	24	8	29	0
FFQ	10	0	0	0	1	1	0	1	16	21	42	69	117	176	224	325	315	448	634	792	913	1290	1542	1508	1822	2979	3128	3368	4517	6364	10791	16739	25899	35233	38079	16695	117	143	80	21	1	0	0
FFQ	11	0	0	0	1	3	0	4	17	25	30	47	141	168	178	360	331	497	573	858	906	1218	1783	1534	1804	3121	3148	2976	4534	6357	8826	16563	24960	32949	42080	17910	179	95	141	70	24	0	0
FFQ	12	0	0	0	2	0	1	5	14	31	45	87	91	149	206	286	470	416	667	884	763	1321	1729	1511	1729	3245	3097	3371	4569	6347	9031	16024	24383	35777	39595	18164	115	115	115	38	18	0	0
FFQ	13	0	38	147	114	275	279	308	373	376	332	420	522	418	523	671	662	680	836	987	888	1193	1538	1557	1549	3030	2889	3083	4172	6212	8149	13650	23192	31360	45091	18515	106	114	86	52	19	5	0
FFQ	14	0	30	173	128	273	306	358	410	368	392	420	573	414	565	723	610	723	921	1056	890	1321	1655	1642	1732	2888	3125	3396	4152	6076	9154	14077	23745	30867	43240	17664	122	119	77	26	0	0	0
FFQ	15	0	55	215	178	244	293	346	392	409	431	442	575	424	608	693	629	733	899	1139	918	1385	1636	1617	1765	2906	3281	3406	3892	5984	8973	14922	22863	33206	38628	19897	233	126	51	14	2	1	0
FFQ	16	0	45	183	162	246	320	387	419	401	468	417	638	458	600	787	660	709	926	1115	985	1340	1668	1603	1935	2401	3566	3447	4362	5985	8772	13833	21626	31571	39974	21887	295	167	34	17	0	2	0
FFQ	17	0	47	232	153	306	319	410	417	460	476	538	572	499	532	827	746	772	979	1199	1024	1419	1567	1808	2054	3006	3286	3424	4766	6569	8924	13113	22663	26233	46665	17796	292	142	115	47	12	2	0
FFQ	18	0	62	225	195	270	334	474	414	458	551	494	739	532	648	836	769	885	937	1269	1068	1371	1792	1829	2296	2956	3634	3390	5016	6044	9739	11294	22890	30153	41166	19171	256	64	50	55	68	17	0
FFQ	19	0	38	258	164	318	391	435	470	482	505	548	731	506	633	779	816	888	978	1264	1111	1279	1988	1934	2037	2866	3565	3551	5235	6338	9458	13054	22407	29249	40912	18668	274	98	82	53	24	24	0
FFQ	20	0	64	276	174	316	369	538	501	547	541	628	644	637	750	864	831	923	1078	1244	1299	1193	2072	1838	2360	3031	3504	3715	5396	6447	8785	13368	21859	25044	44174	18904	223	88	119	55	12	0	0
FFQ	21	0	70	275	219	368	412	502	555	541	608	649	782	625	665	934	1031	993	1150	1328	1375	1508	2142	1982	2178	3493	3383	3992	5428	6902	8682	11689	21148	26804	42344	19103	288	104	99	43	13	4	0
FFQ	22	0	64	259	212	378	464	540	616	554	637	644	822	739	679	971	1066	1135	1245	1495	1414	1304	2373	2041	2224	3091	3723	3597	6175	6947	9629	11280	20499	24642	42423	19798	418	112	79	63	44	15	0
FFQ	23	0	74	294	265	383	454	620	575	592	680	683	842	727	699	1040	1199	1057	1243	1546	1566	1489	2100	2340	2279	3194	3700	3728	5536	6672	9885	11215	20171	24804	41061	21093	382	125	88	9	1	0	0
FFQ	24	0	96	320	242	477	454	628	599	706	681	728	912	703	815	1104	1153	1129	1311	1505	1496	1483	2241	2386	2445	3578	3759	3912	6110	7174	8980	12551	20330	25481	39902	18362	482	102	56	18	0	0	0
FFQ	25	0	98	378	281	492	511	662	660	733	778	733	1078	763	831	1204	1168	1196	1329	1599	1689	1612	2176	2391	2555	3516	3681	3899	5838	6702	9245	12189	19153	26427	39365	18916	262	54	82	44	52	69	0
FFQ	26	0	383	421	513	752	568	783	826	763	1054	873	1032	822	1022	1281	1134	1366	1664	1639	1807	1747	2262	2652	3202	3569	4150	4448	6517	8649	9465	11604	18616	29485	31893	16454	818	129	31	16	0	1	0
FFQ	27	0	100	355	354	516	446	743	809	872	978	826	1038	875	952	1277	1277	1254	1621	1936	1649	1869	2292	2518	2803	3492	4300	3846	6234	8267	9067	10848	17868	23043	39517	19586	704	131	94	32	22	0	0
FFQ	28	0	129	365	433	563	489	738	894	909	993	897	1088	893	1041	1337	1293	1452	1598	1963	1941	1919	2682	2702	2909	3822	4045	4428	6676	7158	9129	10927	19531	23014	37253	17709	965	301	93	58	45	29	0
FFQ	29	0	148	486	390	636	533	831	975	959	1082	947	1126	958	1194	1442	1398	1513	1661	2161	1961	2034	2805	2589	3079	3856	4120	4592	6374	8225	9346	10821	17349	24653	36074	16936	918	137	61	25	5	11	0
FFQ	30	0	206	443	470	664	516	927	956	1061	1148	999	1271	1054	1152	1468	1464	1696	1851	2151	2054	2261	2889	2796	3309	3604	4090	4600	6037	7880	10551	10185	17578	22034	36022	17519	1016	325	40	41	50	33	0
FFQ	31	0	147	354	588	677	1112	572	1141	1294	925	1212	1238	1232	1207	1273	1661	1543	2189	2260	2319	2504	2619	3264	3201	4191	4415	4767	6207	8517	9000	11501	17731	19767	34589	17470	1223	359	96	33	2	11	0
FFQ	32	0	163	494	510	715	1181	766	1192	1352	1008	1325	1330	1391	1392	1362	1680	1755	2270	2383	2540	2639	2693	3592	3088	4469	4268	5055	6712	8334	10197	10978	16633	20763	32582	16044	1034	388	78	32	5	18	0
FFQ	33	0	195	585	573	807	1264	796	1331	1499	1056	1430	1398	1493	1517	1510	1742	1844	2368	2477	2694	2880	3277	3430	3751	4371	4400	5127	7244	8528	9789	11089	19535	18300	32531	12191	1104	180	70	25	10	0	0
FFQ	34	0	199	620	623	892	1247	871	1497	1424	1227	1493	1479	1709	1482	1842	1818	2087	2828	2542	3153	2873	3663	3621	4214	4602	4697	6538	8505	9080	9847	13275	16980	20555	26582	9719	428	38	57	44	42	18	0
FFQ	35	0	208	817	630	1052	1465	1054	1553	1573	1256	1713	1646	1711	1594	1945	1971	2197	2992	2784	3038	3336	3901	4105	4405	5415	5479	6945	9487	9602	11603	14945	18590	16947	18828	9353	68	67	61	42	20	13	0
FFQ	36	0	54	710	1689	1102	1127	964	1689	1565	1223	1863	1713	1811	1751	1941	2139	2206	3238	2957	3825	3814	4924	4419	4707	6462	7353	7589	10574	10359	12859	13317	14236	13665	17357	8949	49	74	76	45	6	10	0
FFQ	37	0	180	905	2473	1686	1378	1490	2095	2235	1598	2254	2189	2552	2101	2227	2828	3710	3426	4116	4056	4804	4801	4667	6552	6329	6683	9771	8309	10124	10757	11857	12252	11684	14891	7245	81	46	36	16	2	5	0
FFQ	38	0	7	9	39	38	32	22	40	30	38	40	48	18	42	61	61	29	56	68	117	32	157	87	215	248	579	269	499	483	984	1409	3315	5074	13718	8061	86	69	35	7	1	2	0
FFQ	39	0	7	5	46	38	27	35	33	36	40	41	25	31	52	59	62	31	51	84	103	47	153	73	300	240	569	329	600	429	1027	1433	3407	6255	13616	6605	52	41	33	52	18	40	0
FFQ	40	0	4	9	38	51	40	35	24	38	41	34	45	21	47	50	70	38	34	116	82	74	177	74	290	239	671	200	565	525	1154	1266	3353	5380	14063	7064	84	63	36	19	11	0	0
FFQ	41	0	0	13	47	54	35	29	49	36	29	51	57	55	24	45	52	91	60	51	62	130	61	200	157	227	500	353	328	801	1002	1203	3349	5671	13349	7748	34	50	44	20	23	35	0
FFQ	42	0	0	16	60	54	34	31	39	30	36	57	59	42	21	69	28	91	37	58	115	137	62	205	120	231	616	320	539	644	646	1356	3529	5542	13038	8071	30	74	48	27	13	0	0
FFQ	43	0	0	18	52	57	41	28	41	38	20	51	65	48	25	65	68	61	62	69	115	133	41	242	185	263	513	284	406	842	881	1590	4326	5730	11328	8297	61	30	26	6	3	14	0
FFQ	44	0	9	19	50	54	32	41	27	62	50	48	56	55	74	22	122	35	85	36	136	64	96	221	194	316	490	536	475	731	665	1519	3309	5780	13620	6888	47	52	55	27	9	18	0
FFQ	45	0	9	22	58	79	51	54	31	56	41	56	58	48	34	51	61	47	70	64	145	67	70	259	154	459	466	355	644	676	698	1681	3401	5526	12354	8059	44	32	22	59	39	25	0
FFQ	46	0	0	18	59	100	36	44	40	57	34	74	54	57	50	43	81	50	80	69	57	187	85	167	247	241	650	243	643	502	723	980	3712	6130	12379	7984	59	57	68	41	16	8	0
FFQ	47	0	0	24	82	90	53	35	63	57	52	45	52	73	25	72	68	107	31	91	44	178	98	85	388	271	649	260	657	538	1005	1550	3886	6822	11266	7200	42	33	40	37	33	23	0
FFQ	48	0	10	8	77	86	58	37	46	39	60	48	95	51	25	95	64	112	41	92	52	234	110	141	287	277	593	318	717	687	978	1359	3690	5851	11793	7794	55	37	37	24	17	30	0
FFQ	49	0	16	24	85	64	55	36	53	43	62	43	99	51	49	73	41	147	59	103	67	213	91	91	380	276	636	327	557	832	1137	1717	3875	6380	11035	7197	79	58	40	16	2	16	0
FFQ	50	0	7	20	90	97	45	41	53	56	67	63	89	45	62	64	53	126	53	93	106	183	122	124	304	316	591	338	744	787	1296	1733	3866	6640	11372	6341	37	36	18	29	6	12	0
FFQ	51	0	0	31	58	126	40	61	28	74	28	73	68	47	109	39	79	84	81	98	98	96	234	136	240	489	363	480	346	919	983	1467	3262	6403	11581	7729	37	56	45	30	7	0	0
FFQ	52	0	12	18	97	99	55	56	56	62	42	58	67	85	55	63	63	96	142	73	95	53	325	125	234	469	471	487	641	812	1181	1756	3719	6606	11452	6247	144	43	22	24	4	16	0
FFQ	53	0	24	8	88	101	70	44	67	60	78	70	69	112	22	105	77	167	51	131	45	177	240	127	277	383	432	558	364	937	1187	1387	4052	6772	10832	6502	423	44	23	10	7	2	0
FFQ	54	6	16	25	106	132	63	19	67	57	85	80	60	84	30	117	99	144	55	131	81	97	364	92	288	406	471	579	692	753	1601	1534	4031	6211	11309	5949	146	55	34	32	15	9	0
FFQ	55	5	10	25	92	131	79	37	95	99	78	56	73	130	54	134	61	194	57	140	71	301	167	138	438	342	719	497	534	759	1547	1487	4711	6142	11051	5482	142	16	9	13	2	7	0
FFQ	56	294	202	140	236	235	96	179	204	152	240	135	292	268	276	200	379	232	671	284	879	314	385	380	1176	818	447	1082	1206	1337	2411	3172	4710	5846	5620	1587	14	14	11	1	0	0	0
FFQ	57	15	22	27	130	148	74	70	88	73	69	82	116	123	46	80	112	72	181	62	137	94	311	249	215	688	419	595	560	953	1373	1616	3837	7377	9653	5586	792	41	12	6	10	11	0
FFQ	58	26	11	27	132	134	82	63	79	76	46	102	89	126	66	76	94	92	171	64	195	63	253	372	142	542	605	300	843	745	1256	2286	3602	6129	10416	6204	487	43	32	15	13	26	0
FFQ	59	20	13	45	139	159	74	55	103	84	91	89	82	140	77	129	89	50	204	64	166	102	375	221	187	703	346	584	675	829	1711	1863	4534	6516	9661	5553	286	37	20	25	11	13	0
FFQ	60	298	300	166	266	225	107	184	260	199	251	238	139	345	165	459	382	539	713	862	936	466	1293	1076	293	388	1067	1607	1267	2264	2782	3757	4042	4714	3102	971	2	0	0	0	0	0	0
FFQ	61	23	0	62	141	185	58	94	91	80	101	101	138	78	149	88	159	134	56	239	80	248	174	434	307	397	744	386	727	697	1468	2000	3408	8197	10104	4418	230	32	30	30	13	24	0
FFQ	62	26	2	59	121	192	65	112	103	105	55	132	119	98	184	44	75	174	69	227	146	194	119	344	405	385	632	474	788	752	1697	2155	3798	7777	9824	4408	175	17	18	22	15	18	0
FFQ	63	25	1	42	138	192	63	108	92	92	66	146	125	86	154	25	119	197	114	217	150	176	161	335	411	434	589	562	851	735	2091	2025	3691	7707	9675	4006	422	34	27	12	23	6	0
FFQ	64	34	0	52	157	200	87	104	86	89	55	153	153	64	142	79	143	136	176	197	155	212	227	325	395	463	544	477	561	1072	1545	2428	3794	8733	8243	3990	826	13	14	1	0	0	0
FFQ	65	33	0	47	183	190	90	89	110	116	71	148	122	119	149	112	109	166	192	205	126	216	218	401	340	476	601	549	744	1232	1270	3222	3425	8377	8359	3498	763	15	17	7	8	10	0
FFQ	66	30	1	61	140	232	69	87	95	123	149	75	141	133	83	174	74	130	222	99	262	130	185	307	525	351	616	521	732	889	1386	2146	3181	7386	9553	5245	558	24	8	2	0	0	0
FFQ	67	33	0	53	162	235	56	90	119	97	105	111	157	92	188	76	125	201	80	319	128	231	169	361	438	412	642	455	633	1192	1288	2333	4029	7066	8928	4766	715	20	15	4	1	0	0
FFQ	68	38	0	54	189	255	89	105	108	110	104	151	172	94	214	90	113	224	89	290	109	277	148	354	411	439	725	479	818	1072	1350	2159	3863	7995	8588	3999	770	41	22	3	8	6	0
FFQ	69	31	2	67	178	285	114	120	124	77	105	198	131	88	247	90	155	195	63	319	142	202	268	486	327	481	669	696	580	1193	1327	2676	4055	8129	8525	3513	248	7	7	5	0	0	0
FFQ	70	35	1	73	200	262	105	124	95	123	116	187	191	85	186	104	199	184	180	202	184	280	231	531	394	352	914	491	902	1069	1409	3007	3877	8146	8037	2972	621	26	10	11	8	1	0
FFQ	71	29	0	72	159	311	75	106	136	116	140	105	168	172	100	165	127	150	240	98	364	154	333	133	433	646	426	696	611	963	1379	2738	3839	7104	8408	4573	827	10	11	8	0	0	0
FFQ	72	50	1	87	192	338	69	153	110	161	119	169	184	147	187	85	167	206	158	217	256	233	159	299	570	586	564	507	781	839	1856	2640	4429	7048	8188	3835	485	15	21	13	1	0	0
FFQ	73	48	0	63	272	302	97	144	140	146	116	204	186	124	271	85	172	252	168	330	119	289	142	404	607	380	809	668	580	1122	1736	2570	4323	7111	7711	3801	614	11	4	2	2	0	0
FFQ	74	49	0	77	262	303	116	132	142	164	133	195	169	113	318	91	120	212	181	357	154	323	94	485	636	543	681	541	734	1304	1795	2667	4516	7406	7474	2983	589	24	18	10	4	10	0
FFQ	75	54	1	66	301	321	117	162	140	178	162	226	166	115	295	140	182	256	138	340	149	317	224	465	515	554	842	507	524	1495	1721	2712	4444	7273	6971	3221	781	24	19	5	2	0	0
FFQ	76	55	0	57	249	426	123	105	155	189	151	165	128	214	201	198	217	149	157	282	214	330	361	146	469	595	762	635	502	1005	1522	1861	4246	8011	7883	3708	619	19	9	5	2	0	0
FFQ	77	57	1	97	232	411	121	156	154	200	230	97	236	240	183	226	161	147	298	256	361	248	303	194	558	719	578	911	770	968	1659	3169	3833	7027	7098	3587	603	7	9	9	10	1	0
FFQ	78	60	1	90	278	417	140	146	157	272	176	137	202	233	212	179	277	283	197	289	344	210	298	252	730	609	534	825	677	1328	1639	2928	4227	7326	7232	2563	641	11	1	2	2	0	0
FFQ	79	63	0	90	264	504	117	184	189	220	177	224	261	171	297	118	230	305	157	277	353	356	208	412	715	658	436	805	1007	929	1874	2948	4480	7036	6791	2576	658	24	10	1	0	0	0
FFQ	80	62	1	98	294	389	181	204	161	230	183	228	220	234	282	207	173	259	176	375	345	328	266	290	601	814	638	775	751	1327	2186	2893	4409	7695	6436	2122	273	10	6	3	0	0	0
FFQ	81	66	0	50	326	428	215	100	190	228	169	258	155	241	290	164	364	185	341	296	115	484	331	284	516	635	747	714	853	1164	1130	2737	3959	6253	7694	3666	693	67	10	7	0	0	0
FFQ	82	64	2	127	332	447	158	220	135	204	261	211	256	332	121	475	142	162	383	176	514	187	444	193	706	783	851	781	765	993	1813	2509	3953	7112	7293	2544	463	11	2	0	0	0	0
FFQ	83	67	0	120	344	469	163	223	189	202	240	208	278	315	226	372	187	185	372	333	455	251	421	180	675	703	904	852	560	1428	1608	2894	4742	6943	5997	2411	569	16	18	4	1	0	0
FFQ	84	65	1	115	400	495	190	210	217	263	267	164	287	310	231	351	283	215	320	352	413	284	498	186	654	810	637	1122	747	1090	2487	3483	4396	6879	5739	1620	324	17	3	0	0	0	0
FFQ	85	67	2	117	376	522	221	188	227	318	221	210	355	241	311	327	294	233	320	331	440	426	383	317	572	972	637	1049	788	1185	2409	3035	4288	7373	5347	1695	291	31	5	1	0	0	0
FFQ	86	68	0	86	492	542	145	184	210	240	283	319	179	268	325	187	351	314	212	482	203	460	472	461	174	909	727	855	1061	850	1544	2259	4173	5967	7627	3115	336	42	3	0	0	0	0
FFQ	87	69	0	89	464	572	258	142	277	304	279	258	290	295	355	311	327	321	239	384	377	457	459	340	335	1065	693	772	1200	1221	1816	2722	4690	6412	5634	2170	494	29	5	0	0	0	0
FFQ	88	72	0	89	482	666	193	195	303	317	331	229	373	306	306	337	279	328	363	241	496	476	510	289	303	1140	655	899	1116	1013	2459	2244	4496	6420	5392	2298	504	5	0	0	0	0	0
FFQ	89	72	0	148	437	685	219	222	277	279	318	303	400	337	236	435	242	241	538	261	514	349	526	306	610	1013	952	720	969	1387	2003	2584	4697	6600	5004	1813	397	24	7	0	0	0	0
FFQ	90	81	2	84	529	675	246	239	374	316	328	255	362	317	275	551	242	238	481	273	630	347	537	359	667	941	991	908	1185	1253	2164	2708	4137	6837	4678	1560	348	7	0	0	0	0	0
FFQ	91	322	0	109	578	658	177	221	317	270	386	307	311	437	406	266	498	261	393	467	287	794	394	580	701	737	1200	707	1139	1710	1793	3053	3954	4987	4486	2455	734	30	0	0	0	0	0
FFQ	92	79	2	109	598	662	195	299	306	338	335	394	267	439	427	320	521	294	296	604	147	868	297	673	481	863	997	1182	1188	823	1746	2873	4297	5428	5373	2019	331	46	4	4	0	0	0
FFQ	93	114	0	135	599	727	323	152	402	367	403	281	248	466	425	360	389	392	325	393	350	634	527	518	581	803	1097	980	1059	1249	2291	2868	4362	5940	4051	2002	280	32	0	0	0	0	0
FFQ	94	107	0	114	657	670	275	271	377	397	410	321	368	462	361	466	312	415	429	342	523	666	653	374	539	1067	864	1012	1128	1281	2256	2655	4345	5238	4255	2070	364	71	10	0	0	0	0
FFQ	95	119	0	119	675	835	256	218	417	333	387	367	343	468	398	647	313	296	624	296	563	484	693	317	745	1128	691	1238	946	1569	2367	2740	4520	5421	3895	1494	201	2	0	0	0	0	0
FFQ	96	117	0	157	776	730	308	293	316	387	421	338	366	237	472	548	316	570	337	393	501	339	807	653	460	887	879	1191	945	1264	1925	2639	2793	5612	4992	2648	447	47	10	4	0	0	0
FFQ	97	122	0	125	798	793	254	379	323	383	467	411	416	470	485	260	541	506	253	696	285	743	586	729	239	1142	1091	1289	605	1895	1580	2513	4146	4728	4570	2043	242	17	0	0	0	0	0
FFQ	98	129	0	126	834	855	248	343	380	457	605	297	339	576	533	364	665	314	385	614	440	777	600	565	347	1100	1055	1179	1153	901	2060	2275	5109	4150	4723	1468	156	3	0	0	0	0	0
FFQ	99	122	0	138	957	800	270	346	414	503	571	306	379	705	386	417	683	375	204	867	342	798	573	691	560	885	1258	853	1617	1293	1889	2739	3933	4862	3993	1237	144	15	0	0	0	0	0
FFQ	100	133	0	119	916	964	349	225	519	483	500	457	289	637	523	518	557	375	365	617	569	827	715	477	502	1031	1530	826	1207	1644	1999	2748	4158	5260	3108	766	164	48	0	0	0	0	0
FFQ	101	135	0	156	963	1090	206	338	250	472	535	563	457	343	662	585	468	520	513	504	556	395	937	753	493	650	981	1112	1216	1366	1491	2185	2783	5269	4570	2078	500	28	2	0	0	0	0
FFQ	102	132	0	149	1077	925	408	351	354	581	485	565	539	382	579	524	638	665	274	854	351	1088	425	849	240	1155	1015	1045	1061	1240	1779	2673	2717	5215	4027	1711	36	11	5	0	0	0	0
FFQ	103	141	0	140	1151	900	450	401	366	570	629	525	565	607	521	547	719	505	318	913	251	1130	308	961	573	960	1200	1128	1600	1119	1263	2959	3540	4584	3853	728	0	0	0	0	0	0	0
FFQ	104	150	0	147	1197	979	356	437	447	507	618	561	559	653	533	540	883	392	217	1024	263	1097	539	712	624	1007	1312	1110	1381	1736	2025	2285	4091	4124	2903	702	12	1	1	0	0	0	0
FFQ	105	144	0	158	1170	1000	401	497	484	621	668	416	580	678	580	628	782	378	633	716	410	1068	765	563	717	1022	1420	1178	962	1835	2405	2425	4035	4785	1898	99	3	1	0	0	0	0	0
FFQ	106	151	0	159	1244	1314	268	383	393	593	638	603	474	431	749	790	403	834	481	682	702	205	1122	1029	203	1260	1061	1003	1230	1463	1943	2526	2818	5002	2880	1086	2	0	0	0	0	0	0
FFQ	107	152	0	216	1349	1299	261	507	342	562	855	553	537	400	896	562	756	781	514	745	611	535	992	947	220	1257	1220	1075	1144	1098	2081	2573	2430	4992	2659	1000	4	0	0	0	0	0	0
FFQ	108	148	151	173	1627	1595	752	516	881	684	824	557	902	818	723	790	605	513	1016	958	330	1109	1026	775	1199	1049	1338	704	1898	1518	2320	2236	2821	2425	1115	28	0	1	0	0	0	0	0
# Last Fragment Qualities. Use `grep ^LFQ | cut -f 2-` to extract this part.
# Columns correspond to qualities and rows to cycles. First column is the cycle number.
LFQ	1	0	0	0	0	219	759	532	703	551	536	347	1212	875	730	729	940	1164	2260	1247	1519	2203	1327	2378	5604	40500	3664	12649	78615	11635	58	0	0	0	0	0	0	0	0	0	0	0	0
LFQ	2	0	18	188	297	378	252	394	556	344	564	561	640	728	603	734	847	1131	991	1088	1109	1682	1854	2474	4069	2837	4186	5632	8038	9136	17828	26783	30096	40567	5528	822	1	0	0	0	0	0	0
LFQ	3	0	490	468	639	717	698	1043	1249	971	854	1025	967	1056	939	1553	1352	1852	1714	2064	1729	2833	3264	3088	4877	4245	6414	5693	7255	8305	14498	23251	31587	33646	2613	4	0	3	0	0	0	0	0
LFQ	4	0	83	234	439	459	566	569	768	693	759	938	729	886	940	955	1202	1338	1262	1365	2021	2494	2286	2231	3794	5187	5170	6801	9584	9598	12830	23199	22981	39660	10909	26	0	0	0	0	0	0	0
LFQ	5	0	55	253	388	481	491	580	705	687	731	839	689	804	900	821	1098	1197	1013	1081	1953	1858	2071	2813	3962	4488	4897	5385	6646	6092	12432	18675	24225	39753	23227	1666	0	0	0	0	0	0	0
LFQ	6	0	49	255	365	470	493	583	677	626	777	727	671	898	673	755	903	1269	939	1225	1167	2402	2112	2509	3336	3577	3748	6941	7551	7898	12656	21485	23882	38649	21937	747	4	0	0	0	0	0	0
LFQ	7	0	22	207	342	464	410	462	587	549	674	649	613	657	680	653	848	1121	1066	1143	1169	1609	1749	1956	2676	3626	4154	4562	6769	7147	10425	17184	23769	34571	36242	3330	843	28	0	0	0	0	0
LFQ	8	0	32	278	370	561	470	597	741	684	860	804	773	834	690	1009	977	1422	1194	1157	1437	2331	2008	2390	3261	4642	4362	5617	6521	7244	10300	15095	24667	31677	36788	1163	0	0	0	0	0	0	0
LFQ	9	0	22	235	357	599	386	489	637	542	681	733	621	630	736	678	801	1043	1130	962	1300	1471	1897	1927	3304	3444	3342	4076	6948	7489	8380	14935	24218	30231	43331	4476	868	37	0	0	0	0	0
LFQ	10	0	21	222	390	633	339	570	611	631	675	685	695	544	748	751	771	1071	1121	1093	1239	1348	1981	2091	3205	3601	3798	3803	6493	8203	7906	14460	21966	34058	39701	6666	819	47	0	0	0	0	0
LFQ	11	0	35	169	486	623	342	536	635	861	731	799	827	762	863	976	950	1131	1169	1269	1399	1491	2041	2398	3420	3793	4093	4333	7669	7577	8708	14782	21458	26382	43025	6092	1078	53	0	0	0	0	0
LFQ	12	0	26	208	460	635	386	583	623	650	751	724	719	647	765	829	828	972	1170	1246	1296	1267	2069	1954	2391	4055	3489	4612	6841	8035	6639	13579	22517	27951	41223	10594	2178	44	0	0	0	0	0
LFQ	13	0	22	191	569	624	461	585	666	611	789	740	732	611	710	877	939	1063	1112	1364	1219	1367	1960	2041	2449	3972	3450	4856	6522	7067	8379	12586	21646	26182	38846	15387	2275	36	49	1	0	0	0
LFQ	14	0	16	215	555	624	514	635	663	630	753	770	829	659	799	945	905	1064	1310	1394	1259	1273	1946	2127	2748	4121	3568	5349	6266	7676	7418	13641	21036	27188	39711	13179	532	638	0	0	0	0	0
LFQ	15	0	21	221	571	689	519	682	650	607	813	806	797	735	735	866	1010	1162	1214	1420	1371	1562	1634	2123	2552	4262	3750	4752	6165	7978	8041	12243	21219	25302	39594	13719	2571	598	0	2	0	0	0
LFQ	16	0	40	224	497	732	487	679	714	730	827	826	919	734	738	981	958	1176	1240	1410	1365	1503	1712	2272	2748	4246	3701	4638	6431	7357	7906	12054	20441	25744	38332	14980	2973	639	2	0	0	0	0
LFQ	17	0	23	257	603	683	576	649	796	745	807	839	933	767	715	1000	1052	1263	1342	1394	1586	1378	1978	2442	2559	4298	3644	4709	5946	7842	8056	12055	22232	20727	41336	14232	2846	607	39	0	0	0	0
LFQ	18	0	34	268	571	727	565	731	844	716	860	908	1024	741	784	1098	1061	1336	1396	1482	1548	1466	1887	2536	2473	4572	3864	4885	6104	7891	8491	12481	19458	24550	38855	13349	2790	607	3	0	0	0	0
LFQ	19	0	41	266	591	837	616	715	870	830	803	923	1030	791	871	1122	1088	1375	1523	1430	1568	1687	1917	2424	2970	4685	3984	4585	5860	7875	8150	12612	19777	21185	41009	14313	2083	550	0	0	0	0	0
LFQ	20	0	29	267	637	751	568	816	916	875	904	1004	1078	811	942	1164	1179	1392	1536	1532	1609	1715	1953	2556	2457	4470	4359	4907	5178	7698	9352	12170	20005	22591	38317	13546	3097	575	0	0	0	0	0
LFQ	21	0	49	300	694	871	602	793	932	890	1004	998	1122	831	933	1386	1124	1499	1692	1789	1434	1749	2277	2400	2597	4234	4444	4746	6313	7526	8634	10982	18778	24881	38046	13195	2644	567	0	0	0	0	0
LFQ	22	0	71	309	658	819	663	863	1031	911	1014	1110	1128	888	1014	1292	1244	1584	1610	1741	1861	1734	2266	2542	2707	4664	4406	5046	5593	8505	8595	10826	18399	21282	38520	14645	2856	559	0	0	0	0	0
LFQ	23	0	59	371	758	902	646	878	1107	888	1052	1146	1231	980	1017	1312	1263	1649	1707	1761	1854	2007	2635	2282	3013	4312	4822	4954	5295	8154	8650	12157	20006	20274	39095	11301	2845	572	0	1	0	0	0
LFQ	24	0	66	394	831	854	766	1006	1183	881	1236	1227	1320	1197	1210	1364	1453	1847	1863	1925	2149	2433	2668	2508	3098	4200	5660	4767	6920	7338	9817	13300	18044	20477	36099	9788	2470	597	0	0	0	0	0
LFQ	25	0	71	412	867	857	751	1094	1129	1004	1131	1267	1336	1069	1130	1394	1384	1824	1923	1944	1987	2182	2651	2346	3689	4017	5195	4622	5952	7800	8712	12090	17917	22609	36245	11148	2662	545	0	0	0	0	0
LFQ	26	0	26	260	943	1063	1025	1072	1165	1081	1216	1295	1208	1005	1426	1485	1448	1961	1994	2126	1985	2486	2780	2274	3665	4229	5325	4322	5978	8223	8743	12387	16378	22725	36493	10117	2470	577	0	0	0	0	0
LFQ	27	0	25	285	1065	1054	1059	1052	1283	1049	1243	1387	1158	1250	1321	1634	1563	1911	1929	2189	2098	2773	2648	2671	3948	4142	5170	4901	5971	8160	10336	12007	18456	22019	30296	11826	2071	1006	0	0	0	0	0
LFQ	28	0	31	344	1101	1097	1281	1129	1457	1101	1322	1485	1135	1235	1424	1740	1689	2114	2146	2249	2221	2751	2644	3009	4140	4249	5447	4114	6769	8073	9070	11863	16725	24781	30955	10260	1803	0	0	0	2	0	0
LFQ	29	0	21	380	1187	1108	1223	1153	1560	1157	1445	1599	1232	1199	1540	1750	1889	2095	2204	2213	2256	2990	2706	2945	3787	4425	5554	4324	6336	8147	10383	13207	15138	21945	31853	9190	2308	507	0	0	0	0	0
LFQ	30	0	27	489	1180	1186	1367	1233	1499	1185	1583	1773	1310	1130	1786	1708	2050	2126	2200	2202	2453	3253	2761	3013	4102	4322	5340	4880	6685	7794	10517	14047	15126	20109	29813	9873	2319	515	0	0	0	0	0
LFQ	31	0	45	462	866	2203	785	1386	1416	1497	1991	1673	1537	1558	1904	1918	1837	2461	2545	2785	2913	2778	3215	2698	4487	4282	4977	5822	6361	7664	11876	10397	15146	19691	25415	13730	2100	535	0	0	0	0	0
LFQ	32	0	32	528	911	2174	850	1438	1300	1698	1914	1651	1527	1662	1821	1879	1887	2451	2617	2744	2838	2911	3163	3001	4506	4532	4700	6487	5879	8455	10218	12025	15267	20070	28713	8637	2009	461	0	0	0	0	0
LFQ	33	0	48	626	997	2329	868	1711	1521	1670	1896	1809	1637	1542	2054	2006	2011	2614	2871	2890	2886	3183	3152	3642	4392	4618	5024	6861	6361	8115	11868	11607	15598	19663	24879	7908	1653	446	0	0	0	0	0
LFQ	34	0	34	596	1125	2366	1041	1692	1753	1919	1717	2015	1861	1885	2163	2104	2321	2808	2999	3002	3329	2993	3447	4404	4424	4458	5880	6469	7096	10213	10968	11069	17632	18305	19611	8555	702	0	0	0	0	0	0
LFQ	35	0	135	598	1104	2513	1250	1780	1757	2122	1903	2036	2025	1899	2074	2240	2596	2759	3119	3166	3574	3454	4050	4742	4188	4977	6537	7360	7596	9935	11269	14611	16043	17410	16943	4618	571	1	1	0	0	0	0
LFQ	36	0	18	346	1083	4356	1371	1431	2220	1845	1933	2130	2235	2163	2137	2249	2821	2911	3394	3728	3944	4370	4134	4895	4707	5076	7248	9105	9003	10825	11277	13715	14100	12768	14762	4578	78	0	0	0	0	0	0
LFQ	37	0	25	654	1132	5186	1820	1588	2513	2397	2166	2805	2701	2449	2724	2826	3229	3623	3709	3694	4390	4855	5339	4609	6129	6550	6794	8944	8602	9247	10393	11164	12680	11638	13771	2610	0	0	0	0	0	0	0
LFQ	38	0	0	26	182	357	191	135	185	198	140	128	231	111	135	139	129	106	180	131	149	199	197	345	292	359	640	608	303	724	1006	1469	3304	6600	11056	5670	94	0	0	0	0	0	0
LFQ	39	0	0	27	195	379	165	147	201	232	114	128	174	111	127	135	137	158	158	122	163	247	194	347	306	377	671	312	558	771	932	1555	4210	6679	11719	3968	0	0	0	0	0	0	0
LFQ	40	0	0	24	198	345	224	141	178	188	130	123	219	110	152	187	123	181	150	198	229	162	140	398	260	439	623	650	280	729	1029	1378	3809	8258	11795	2669	0	0	0	0	0	0	0
LFQ	41	14	0	24	157	398	183	142	236	187	143	191	210	144	150	214	104	185	161	216	176	243	175	309	346	300	744	326	586	661	963	1796	3691	7920	10209	4215	0	0	0	0	0	0	0
LFQ	42	25	0	21	226	371	223	143	200	226	158	140	217	153	165	188	151	162	169	205	163	241	198	410	254	500	637	733	496	995	1149	1286	3634	7307	10173	4400	0	0	0	0	0	0	0
LFQ	43	0	24	21	275	435	205	169	290	214	209	208	246	200	228	332	156	237	245	479	407	424	435	326	572	276	579	757	636	998	1442	2243	3924	5839	10386	2302	0	0	0	0	0	0	0
LFQ	44	0	0	13	225	385	174	130	192	234	150	167	203	184	167	147	164	111	232	252	210	91	348	205	467	290	560	512	703	497	1013	1884	4243	7483	8257	5826	0	0	0	0	0	0	0
LFQ	45	0	0	25	200	371	201	159	246	191	166	223	202	122	159	193	130	132	215	169	217	195	291	171	511	386	516	495	466	866	1209	1821	4418	8039	7894	5025	95	0	0	0	0	0	0
LFQ	46	0	0	23	199	392	192	140	229	109	271	153	158	202	89	187	210	130	161	130	217	216	234	242	202	514	391	788	456	848	882	1926	3206	8189	9253	5180	0	0	0	0	0	0	0
LFQ	47	0	0	26	220	412	187	184	239	219	137	191	235	158	106	258	143	128	197	100	242	228	194	233	249	695	487	655	447	957	1096	2042	3227	8608	9211	3911	97	0	0	0	0	0	0
LFQ	48	0	0	31	236	399	261	131	232	243	174	157	216	168	161	180	189	119	217	122	265	221	255	238	459	501	406	849	351	948	1155	2270	3736	7713	9543	3573	0	0	0	0	0	0	0
LFQ	49	0	0	23	240	405	208	210	175	222	182	192	207	158	162	209	164	133	242	234	202	174	411	194	459	473	502	685	583	926	1641	2028	4430	6869	7580	5147	49	0	0	0	0	0	0
LFQ	50	0	0	32	240	388	230	162	241	258	153	203	212	204	152	178	178	166	222	188	294	125	409	166	453	578	422	742	617	799	1655	1988	4294	7200	7697	4873	0	0	0	0	0	0	0
LFQ	51	0	0	34	230	422	164	215	225	210	176	179	230	194	137	160	226	97	256	164	234	296	176	269	314	535	501	449	769	534	1354	1679	3237	8095	9279	4633	46	0	0	0	0	0	0
LFQ	52	0	0	26	218	458	231	142	270	181	206	209	266	182	84	257	163	166	250	178	260	257	154	406	287	664	363	710	613	691	1414	1965	3789	7224	9059	4376	0	0	0	0	0	0	0
LFQ	53	0	39	37	364	452	269	254	245	281	275	178	264	230	259	286	347	150	287	433	555	505	370	671	465	500	756	618	522	1081	1306	2096	4153	6812	6323	4272	64	0	0	0	0	0	0
LFQ	54	0	39	70	344	493	293	280	199	252	309	203	284	185	261	308	345	278	324	417	463	563	602	508	355	469	885	629	248	1162	1629	1929	3585	7345	6248	4215	0	0	0	0	0	0	0
LFQ	55	0	0	28	273	446	238	199	225	216	174	266	219	188	184	191	257	155	241	139	305	241	271	366	377	726	519	881	415	1087	1394	2661	3925	8054	7077	3721	60	0	0	0	0	0	0
LFQ	56	0	0	39	239	475	179	243	188	203	267	214	208	195	215	168	235	194	177	222	191	385	211	171	490	418	653	295	897	900	1432	2154	2999	7618	7655	5540	49	0	0	0	0	0	0
LFQ	57	0	0	34	267	487	202	213	260	168	238	204	234	168	126	243	207	212	125	317	90	389	269	211	520	448	777	351	778	1054	1671	2059	3222	7581	7895	4531	168	0	0	0	0	0	0
LFQ	58	0	33	36	468	507	229	222	261	277	309	346	241	278	245	355	359	281	351	477	222	558	528	536	240	879	520	479	1254	822	1774	2860	4013	6444	6209	3068	38	0	0	0	0	0	0
LFQ	59	0	0	39	273	526	286	170	238	222	215	253	267	226	190	201	279	200	271	158	233	387	180	488	336	904	499	394	1196	820	1764	2476	4073	7831	6819	3265	40	0	0	0	0	0	0
LFQ	60	41	30	0	289	570	311	221	222	321	250	267	267	168	239	276	288	115	385	169	433	222	485	376	749	537	614	717	846	951	2292	2776	6288	6881	4383	2718	22	0	0	0	0	0	0
LFQ	61	45	0	39	347	533	262	243	246	279	307	222	290	257	171	238	283	187	328	270	320	327	269	506	427	368	932	603	632	1232	1594	2109	3737	7402	7144	3570	0	0	0	0	0	0	0
LFQ	62	38	0	36	306	549	250	241	339	236	286	301	356	264	93	344	256	302	243	281	369	367	283	516	409	865	518	553	1031	843	2137	1817	4187	6827	6786	3325	165	0	0	0	0	0	0
LFQ	63	40	0	45	295	577	338	179	346	307	193	350	342	230	172	324	207	293	338	208	452	378	280	679	371	917	583	419	1404	943	2037	2870	3798	6857	5863	2881	203	0	0	0	0	0	0
LFQ	64	4	54	0	393	573	312	266	346	394	319	283	334	268	247	313	300	411	339	442	244	743	422	799	678	812	1029	519	934	1404	1900	2564	4390	5995	5037	2444	207	0	0	0	0	0	0
LFQ	65	32	0	41	375	595	312	200	374	281	239	336	316	334	234	241	282	297	335	170	521	291	308	693	276	1085	689	648	1256	1340	1730	3356	3863	7225	4829	2466	149	0	0	0	0	0	0
LFQ	66	35	0	50	253	723	189	313	276	283	348	328	248	284	337	174	433	220	283	310	331	402	344	301	678	533	756	548	690	1040	1457	2591	3917	6711	6465	3586	282	0	0	0	0	0	0
LFQ	67	35	0	49	369	614	293	304	383	225	360	271	335	292	244	349	233	239	248	502	167	637	307	159	864	485	956	698	696	1680	1363	2814	3485	6501	6724	2713	125	0	0	0	0	0	0
LFQ	68	2	0	52	425	658	336	240	375	359	269	410	322	298	291	309	349	264	476	130	550	372	336	747	462	937	676	765	856	1265	1354	3573	4002	6291	5133	2037	798	0	0	0	0	0	0
LFQ	69	0	52	0	423	634	352	299	408	372	264	402	330	322	358	342	277	303	485	475	539	207	817	441	681	894	1002	268	1315	883	2203	2298	4000	6061	5598	2280	134	0	0	0	0	0	0
LFQ	70	1	50	0	435	672	398	328	353	440	246	397	324	266	356	415	340	411	357	561	443	264	714	624	738	548	1150	267	1316	1051	2099	2041	3944	6506	5629	2019	16	0	0	0	0	0	0
LFQ	71	1	0	65	210	827	203	255	297	399	373	211	313	296	302	292	258	329	233	369	304	401	410	495	351	802	628	852	683	1036	1937	2377	4287	6648	6345	2582	329	19	0	0	0	0	0
LFQ	72	40	0	47	417	694	268	347	324	310	460	311	359	340	309	270	396	265	304	450	343	648	417	186	916	610	1015	800	733	1743	1465	2673	3995	6247	5211	2083	723	0	0	0	0	0	0
LFQ	73	44	0	80	399	705	292	356	408	222	465	334	426	342	259	367	337	329	276	485	361	723	427	213	897	573	1123	758	722	1981	1438	3134	4000	6178	4978	1871	189	27	0	0	0	0	0
LFQ	74	37	0	56	455	696	358	323	441	270	443	417	432	383	250	379	329	354	292	498	248	687	466	209	974	710	1092	844	984	1515	1885	3558	4795	5526	4094	1592	127	0	0	0	0	0	0
LFQ	75	37	0	61	413	722	370	363	419	226	449	350	516	371	277	363	388	415	242	517	245	718	498	194	1143	544	1142	875	1090	1760	1663	3774	5244	5376	3523	1282	149	0	0	0	0	0	0
LFQ	76	41	0	80	328	835	309	378	392	524	325	335	367	404	416	287	456	371	407	251	553	428	529	512	294	896	895	612	1057	1157	1458	2593	4023	5670	5823	2579	134	0	0	0	0	0	0
LFQ	77	30	0	76	333	845	339	405	369	417	414	386	391	362	528	194	579	320	467	352	515	282	753	553	133	1309	412	1315	871	1372	2259	2252	4931	5737	4611	1350	247	10	0	0	0	0	0
LFQ	78	31	0	56	493	786	365	457	463	256	481	448	366	477	340	368	452	335	406	637	260	413	749	575	514	871	513	1467	1129	1336	2102	3363	4387	5122	3962	1556	183	0	0	0	0	0	0
LFQ	79	25	0	73	428	898	330	459	485	312	519	446	467	367	382	398	431	375	375	537	351	369	809	685	750	758	717	1308	935	1340	2118	3204	4064	5605	3584	1493	322	0	0	0	0	0	0
LFQ	80	27	0	77	471	936	287	485	465	327	520	445	545	362	297	453	427	330	452	665	292	625	692	488	920	735	1383	978	834	2480	1644	3068	3936	5953	3050	915	155	0	0	0	0	0	0
LFQ	81	2	0	78	521	1135	342	552	442	649	639	460	636	464	524	482	594	412	611	568	934	593	470	1020	1011	1394	1217	1063	1955	1541	2546	2843	3112	3450	2211	1005	241	2	0	0	0	0	0
LFQ	82	0	0	83	397	1003	349	504	435	527	345	446	450	565	401	337	420	531	341	408	677	399	458	862	629	947	736	758	1599	1455	1121	3160	4011	5117	4514	1478	256	0	0	0	0	0	0
LFQ	83	22	0	87	395	1031	365	518	531	339	555	448	516	391	384	499	442	352	550	550	494	354	957	688	559	1045	509	1439	1132	1722	2254	2354	4859	4663	2915	1353	447	0	0	0	0	0	0
LFQ	84	41	0	64	397	1027	322	538	510	399	635	483	555	422	384	470	472	342	568	546	544	455	968	625	829	723	695	1722	1050	1483	2089	3123	3856	4837	3560	891	94	0	0	0	0	0	0
LFQ	85	27	0	70	477	1072	389	514	496	413	593	508	603	379	388	494	453	378	553	668	427	598	788	785	820	1003	701	1489	1039	1746	2577	3301	3628	4754	2905	633	50	0	0	0	0	0	0
LFQ	86	34	0	96	374	1153	353	587	480	527	394	567	560	512	416	541	272	553	375	565	534	609	576	874	622	826	995	370	1489	1315	1758	2332	3450	4887	4324	1981	418	0	0	0	0	0	0
LFQ	87	35	0	82	476	1098	375	664	354	641	354	564	497	658	412	463	514	624	264	561	703	496	764	674	611	1249	758	1311	923	1579	1815	2805	4240	3562	3858	1546	186	3	0	0	0	0	0
LFQ	88	29	0	76	554	1091	484	543	398	628	506	507	581	405	589	552	460	634	472	589	513	460	1095	625	378	1274	847	1484	1150	1608	2521	2084	4319	4436	2794	788	216	29	0	0	0	0	0
LFQ	89	38	0	95	543	1121	495	582	485	559	545	595	674	348	545	682	360	579	461	650	592	411	1189	583	424	1463	667	1461	1391	1352	2657	2487	4361	4150	2472	592	110	0	0	0	0	0	0
LFQ	90	37	0	76	578	1174	410	560	499	576	622	549	736	269	523	663	399	602	495	711	583	540	1173	654	911	1069	900	1260	1562	1175	2528	2073	4442	3977	2813	532	48	0	0	0	0	0	0
LFQ	91	38	0	85	467	1304	382	474	570	620	565	632	549	696	363	713	288	632	471	697	553	677	624	934	702	523	1232	641	1546	1245	1651	2592	2543	4858	4092	1501	232	27	0	0	0	0	0
LFQ	92	41	0	85	599	1316	411	759	393	715	373	702	514	766	485	585	646	569	448	587	696	517	1141	717	363	1225	1163	1381	985	1648	1502	2470	3564	4564	2868	810	111	0	0	0	0	0	0
LFQ	93	37	0	84	638	1235	634	697	488	779	422	679	754	501	716	551	471	645	461	935	500	398	1401	810	494	1203	835	1499	1478	1431	2299	2295	3223	3618	2668	676	164	0	0	0	0	0	0
LFQ	94	36	0	88	667	1293	634	715	535	636	526	757	785	421	626	676	461	581	630	804	623	449	1229	829	835	1175	960	1318	1426	1109	2572	2415	4141	3524	1758	441	44	0	0	0	0	0	0
LFQ	95	43	0	91	694	1362	576	748	552	595	808	576	949	417	515	773	650	374	683	751	644	694	1003	899	857	1290	1520	1311	1271	1792	2294	2658	2991	3481	1645	206	6	0	0	0	0	0	0
LFQ	96	52	0	0	730	1514	490	482	770	596	663	812	601	788	568	775	341	778	532	726	602	737	809	985	696	1029	796	820	1678	1034	1822	1849	2860	3774	3155	1725	121	8	1	0	0	0	0
LFQ	97	45	0	101	744	1579	425	778	643	732	508	844	503	957	588	549	603	713	491	633	945	594	1114	753	648	1344	916	1189	1457	1605	1342	2405	3438	2859	2646	858	167	3	0	0	0	0	0
LFQ	98	39	0	95	754	1439	514	875	590	861	565	720	904	644	722	634	644	827	407	1029	584	466	1277	871	552	1716	589	1885	1540	1062	2520	2074	2665	3079	2054	444	62	5	10	1	0	0	0
LFQ	99	42	0	90	743	1562	557	852	619	831	664	839	928	562	631	856	547	727	606	922	842	573	1342	739	1045	1277	930	1826	1680	1347	2162	1665	3619	2657	1294	137	6	0	0	0	0	0	0
LFQ	100	42	0	115	882	1526	574	918	713	735	634	859	926	554	754	912	409	774	782	961	645	755	1027	928	937	1272	1663	1162	1509	1675	2033	2506	2685	2556	1200	88	8	0	0	0	0	0	0
LFQ	101	41	0	0	919	1809	426	648	806	906	690	960	694	892	656	777	708	847	605	872	531	1072	924	918	766	1207	803	1012	1321	1470	1501	1866	2180	3265	2533	1035	59	0	0	0	0	0	0
LFQ	102	43	0	0	1068	1894	606	732	857	841	602	958	827	1087	501	725	755	766	631	802	993	502	1062	1021	906	1356	916	1800	1161	1562	1423	1650	3009	2677	1591	391	4	0	0	0	0	0	0
LFQ	103	348	0	0	1092	1855	681	793	862	836	696	1006	1007	906	791	630	776	792	554	1093	876	614	1359	837	875	1487	750	1849	1526	1224	2320	1743	2246	2296	939	60	0	0	0	0	0	0	0
LFQ	104	59	0	131	1301	1770	866	912	775	820	1147	523	1350	513	807	1014	582	884	594	1096	850	789	1282	755	975	1335	1778	1057	1694	1290	1864	1676	2715	1868	644	3	0	0	0	0	0	0	0
LFQ	105	53	0	0	1290	1716	950	747	946	912	827	916	1213	973	710	1135	397	1064	594	1225	798	932	1003	1063	1101	1237	1763	1674	1095	2125	1588	2002	2335	1013	322	0	0	0	0	0	0	0	0
LFQ	106	39	0	0	1398	2042	423	898	1084	877	1010	679	1034	1166	834	875	574	1089	569	1105	623	1050	1036	1016	556	1419	1334	830	1431	1781	1165	2270	2174	1966	1312	59	1	0	0	0	0	0	0
LFQ	107	39	0	0	1565	1761	471	752	1244	952	966	795	1063	1250	661	948	866	910	737	844	1184	577	1299	967	942	1612	786	1861	957	1482	1585	1657	1868	1844	1208	66	0	0	0	0	0	0	0
LFQ	108	633	159	696	1985	2390	947	1292	1022	693	1677	925	634	1369	954	1012	1151	601	1335	822	1493	1350	1725	1024	1470	822	1586	1132	1372	1341	1296	663	122	26	0	0	0	0	0	0	0	0	0
# GC Content of first fragments. Use `grep ^GCF | cut -f 2-` to extract this part.
GCF	0.25	17
GCF	1.01	18
GCF	2.01	17
GCF	3.02	43
GCF	4.27	41
GCF	6.53	56
GCF	8.54	118
GCF	9.55	119
GCF	10.30	116
GCF	10.80	220
GCF	11.31	221
GCF	12.31	223
GCF	13.32	379
GCF	14.07	378
GCF	15.33	382
GCF	16.33	676
GCF	17.09	680
GCF	17.84	679
GCF	18.34	685
GCF	18.84	1190
GCF	19.60	1194
GCF	20.60	1205
GCF	21.36	1224
GCF	21.86	2089
GCF	22.61	2101
GCF	23.37	2131
GCF	23.87	2156
GCF	24.37	3325
GCF	25.13	3338
GCF	26.13	3376
GCF	27.14	4427
GCF	28.14	4473
GCF	28.89	4585
GCF	29.40	4565
GCF	29.90	6020
GCF	30.65	6105
GCF	31.66	6178
GCF	32.66	7674
GCF	33.67	7733
GCF	34.42	7779
GCF	34.92	8914
GCF	35.43	8986
GCF	36.18	9011
GCF	37.19	9034
GCF	38.19	9909
GCF	39.20	9950
GCF	39.95	9976
GCF	40.45	10576
GCF	40.95	10539
GCF	41.71	10610
GCF	42.71	10630
GCF	43.72	11060
GCF	44.72	11069
GCF	45.48	11182
GCF	45.98	11769
GCF	46.48	11833
GCF	47.24	11880
GCF	47.99	11895
GCF	48.49	12053
GCF	49.25	12105
GCF	50.25	11994
GCF	51.01	12132
GCF	51.51	12554
GCF	52.26	12519
GCF	53.02	12463
GCF	53.52	12390
GCF	54.02	12375
GCF	54.77	12238
GCF	55.78	12308
GCF	56.78	10989
GCF	57.79	10783
GCF	58.54	10765
GCF	59.05	10685
GCF	59.55	8936
GCF	60.30	8850
GCF	61.31	8748
GCF	62.31	6460
GCF	63.32	6378
GCF	64.07	6281
GCF	64.57	6237
GCF	65.08	3934
GCF	65.83	3898
GCF	66.83	3879
GCF	67.84	2364
GCF	68.84	2324
GCF	69.60	2287
GCF	70.10	1315
GCF	70.60	1302
GCF	71.36	1281
GCF	72.36	1258
GCF	73.37	700
GCF	74.37	676
GCF	75.13	677
GCF	75.63	328
GCF	76.13	307
GCF	76.88	303
GCF	77.64	292
GCF	78.14	160
GCF	79.40	165
GCF	80.65	155
GCF	81.16	58
GCF	81.66	66
GCF	82.41	59
GCF	83.17	63
GCF	83.67	48
GCF	84.42	43
GCF	85.68	41
GCF	86.68	29
GCF	87.69	27
GCF	88.69	28
GCF	89.20	15
GCF	89.95	13
GCF	90.95	10
GCF	92.46	4
GCF	93.72	6
GCF	94.22	4
GCF	95.73	0
GCF	97.49	1
# GC Content of last fragments. Use `grep ^GCL | cut -f 2-` to extract this part.
GCL	0.25	13
GCL	1.01	11
GCL	2.01	12
GCL	3.02	45
GCL	4.02	44
GCL	4.77	46
GCL	5.53	72
GCL	7.04	71
GCL	8.54	141
GCL	9.55	145
GCL	10.30	141
GCL	11.06	220
GCL	12.06	223
GCL	12.81	224
GCL	13.32	385
GCL	14.07	384
GCL	15.08	392
GCL	15.83	391
GCL	16.33	687
GCL	17.09	685
GCL	17.84	687
GCL	18.34	695
GCL	18.84	1202
GCL	19.60	1210
GCL	20.60	1222
GCL	21.36	1242
GCL	21.86	2038
GCL	22.61	2046
GCL	23.37	2088
GCL	23.87	2086
GCL	24.37	2918
GCL	25.13	2971
GCL	26.13	3003
GCL	27.14	4386
GCL	28.14	4421
GCL	28.89	4478
GCL	29.40	4513
GCL	29.90	5681
GCL	30.65	5758
GCL	31.66	5802
GCL	32.66	7363
GCL	33.67	7407
GCL	34.42	7500
GCL	34.92	8689
GCL	35.43	8701
GCL	36.18	8691
GCL	37.19	8702
GCL	38.19	9537
GCL	39.20	9575
GCL	39.95	9605
GCL	40.45	10463
GCL	40.95	10442
GCL	41.71	10529
GCL	42.71	10568
GCL	43.72	10986
GCL	44.72	11054
GCL	45.48	11079
GCL	45.98	11218
GCL	46.48	11315
GCL	47.24	11279
GCL	47.99	11388
GCL	48.49	12024
GCL	49.25	11966
GCL	50.25	12059
GCL	51.01	12111
GCL	51.51	12267
GCL	52.26	12209
GCL	53.02	12138
GCL	53.52	12127
GCL	54.02	12144
GCL	54.77	12141
GCL	55.78	12042
GCL	56.78	11165
GCL	57.79	11045
GCL	58.54	10991
GCL	59.05	10956
GCL	59.55	9218
GCL	60.30	9117
GCL	61.31	9006
GCL	62.31	6658
GCL	63.32	6624
GCL	64.07	6541
GCL	64.57	6459
GCL	65.08	4165
GCL	65.83	4144
GCL	66.83	4069
GCL	67.84	2616
GCL	68.84	2588
GCL	69.60	2576
GCL	70.10	1539
GCL	70.60	1519
GCL	71.36	1488
GCL	72.36	1476
GCL	73.37	819
GCL	74.37	808
GCL	75.13	796
GCL	75.63	444
GCL	76.13	453
GCL	77.14	433
GCL	78.64	204
GCL	79.90	198
GCL	80.65	200
GCL	81.16	133
GCL	81.66	134
GCL	82.41	132
GCL	83.17	130
GCL	83.67	53
GCL	84.42	46
GCL	85.43	48
GCL	86.18	47
GCL	86.68	22
GCL	87.44	20
GCL	88.19	21
GCL	88.69	18
GCL	89.20	9
GCL	89.95	10
GCL	90.95	11
GCL	91.96	14
GCL	93.47	13
GCL	94.72	2
GCL	95.98	1
GCL	98.49	2
# ACGT content per cycle. Use `grep ^GCC | cut -f 2-` to extract this part. The columns are: cycle; A,C,G,T base counts as a percentage of all A/C/G/T bases [%]; and N and O counts as a percentage of all A/C/G/T bases [%]
GCC	1	29.53	20.70	20.67	29.10	0.00	0.00
GCC	2	27.58	22.48	22.60	27.33	0.00	0.00
GCC	3	28.13	22.20	22.08	27.59	0.00	0.00
GCC	4	26.33	23.72	23.81	26.14	0.00	0.00
GCC	5	27.60	22.58	22.68	27.14	0.00	0.00
GCC	6	26.09	24.01	23.93	25.97	0.00	0.00
GCC	7	27.40	22.89	22.89	26.83	0.00	0.00
GCC	8	27.17	23.10	23.12	26.61	0.00	0.00
GCC	9	27.13	22.97	23.10	26.80	0.00	0.00
GCC	10	27.17	22.96	23.09	26.78	0.00	0.00
GCC	11	27.32	22.97	23.12	26.58	0.00	0.00
GCC	12	27.24	22.83	23.08	26.85	0.00	0.00
GCC	13	27.50	22.65	22.83	27.02	0.00	0.00
GCC	14	27.53	22.69	22.90	26.88	0.00	0.00
GCC	15	27.28	22.92	22.93	26.87	0.00	0.00
GCC	16	27.27	22.91	22.95	26.87	0.00	0.00
GCC	17	27.27	22.86	22.91	26.96	0.00	0.00
GCC	18	27.19	22.94	23.12	26.74	0.00	0.00
GCC	19	27.27	22.91	23.05	26.77	0.00	0.00
GCC	20	27.15	22.94	23.09	26.82	0.00	0.00
GCC	21	27.20	22.96	23.08	26.76	0.00	0.00
GCC	22	27.12	23.13	23.20	26.55	0.00	0.00
GCC	23	27.20	22.88	23.16	26.75	0.00	0.00
GCC	24	27.00	23.03	23.28	26.68	0.00	0.00
GCC	25	27.09	23.07	23.19	26.64	0.00	0.00
GCC	26	26.95	23.09	23.23	26.74	0.00	0.00
GCC	27	26.95	23.12	23.24	26.70	0.01	0.00
GCC	28	27.00	23.14	23.21	26.65	0.00	0.00
GCC	29	27.07	22.99	23.22	26.72	0.00	0.00
GCC	30	27.05	23.16	23.17	26.62	0.00	0.00
GCC	31	27.02	23.22	23.37	26.38	0.00	0.00
GCC	32	27.01	23.13	23.36	26.49	0.00	0.00
GCC	33	26.93	23.17	23.30	26.60	0.00	0.00
GCC	34	27.04	23.07	23.18	26.72	0.00	0.00
GCC	35	26.90	23.19	23.37	26.54	0.00	0.00
GCC	36	26.88	23.26	23.20	26.66	0.00	0.00
GCC	37	26.95	23.21	23.25	26.59	0.01	0.00
GCC	38	26.38	23.72	24.02	25.88	0.00	0.00
GCC	39	26.59	23.61	23.87	25.93	0.00	0.00
GCC	40	26.29	23.58	23.96	26.16	0.00	0.00
GCC	41	26.25	23.79	23.80	26.16	0.02	0.00
GCC	42	26.16	23.95	23.77	26.13	0.03	0.00
GCC	43	26.46	23.88	23.60	26.06	0.00	0.00
GCC	44	26.44	23.64	23.91	26.01	0.00	0.00
GCC	45	26.40	23.79	23.89	25.92	0.00	0.00
GCC	46	26.32	23.78	23.81	26.09	0.00	0.00
GCC	47	26.11	24.05	23.87	25.97	0.00	0.00
GCC	48	26.18	23.84	24.00	25.98	0.00	0.00
GCC	49	26.19	23.90	23.80	26.11	0.00	0.00
GCC	50	26.06	23.86	23.91	26.17	0.00	0.00
GCC	51	26.37	23.60	23.91	26.12	0.00	0.00
GCC	52	25.87	23.79	24.09	26.25	0.00	0.00
GCC	53	26.34	23.71	24.04	25.91	0.00	0.00
GCC	54	26.36	23.69	23.89	26.06	0.01	0.00
GCC	55	26.12	24.16	24.06	25.67	0.01	0.00
GCC	56	26.26	24.08	23.92	25.74	0.41	0.00
GCC	57	26.24	24.12	23.82	25.82	0.02	0.00
GCC	58	26.58	23.86	23.68	25.89	0.04	0.00
GCC	59	26.35	23.73	23.93	25.99	0.03	0.00
GCC	60	26.16	24.00	24.05	25.78	0.47	0.00
GCC	61	26.23	23.69	24.19	25.88	0.09	0.00
GCC	62	26.17	23.60	24.42	25.81	0.09	0.00
GCC	63	26.26	23.80	24.20	25.74	0.09	0.00
GCC	64	26.19	23.98	23.93	25.90	0.05	0.00
GCC	65	25.88	24.20	24.19	25.73	0.09	0.00
GCC	66	25.96	23.98	24.25	25.81	0.09	0.00
GCC	67	26.12	23.88	24.19	25.80	0.09	0.00
GCC	68	25.99	23.96	24.42	25.63	0.06	0.00
GCC	69	26.20	23.90	24.05	25.85	0.04	0.00
GCC	70	25.94	24.03	24.32	25.72	0.05	0.00
GCC	71	25.80	24.12	24.36	25.72	0.04	0.00
GCC	72	26.04	23.97	24.45	25.54	0.13	0.00
GCC	73	25.84	23.94	24.59	25.62	0.13	0.00
GCC	74	26.07	23.92	24.19	25.82	0.12	0.00
GCC	75	26.19	24.08	24.38	25.35	0.13	0.00
GCC	76	25.92	24.24	24.22	25.63	0.13	0.00
GCC	77	25.97	24.19	24.48	25.36	0.12	0.00
GCC	78	25.96	24.21	24.38	25.46	0.13	0.00
GCC	79	25.91	24.11	24.22	25.76	0.12	0.00
GCC	80	25.56	24.45	24.36	25.63	0.12	0.00
GCC	81	26.02	23.86	24.35	25.77	0.09	0.00
GCC	82	25.77	24.41	24.38	25.44	0.09	0.00
GCC	83	25.72	24.56	24.44	25.27	0.12	0.00
GCC	84	25.98	24.44	24.12	25.46	0.15	0.00
GCC	85	25.35	24.59	24.54	25.52	0.13	0.00
GCC	86	25.75	24.41	24.26	25.58	0.14	0.00
GCC	87	25.55	24.43	24.57	25.45	0.14	0.00
GCC	88	25.85	24.32	24.41	25.42	0.14	0.00
GCC	89	25.34	24.45	24.61	25.60	0.15	0.00
GCC	90	25.75	24.48	24.44	25.33	0.16	0.00
GCC	91	25.68	24.63	24.06	25.62	0.50	0.00
GCC	92	25.67	24.35	24.36	25.62	0.17	0.00
GCC	93	25.53	24.30	24.62	25.55	0.21	0.00
GCC	94	25.44	24.51	24.53	25.52	0.20	0.00
GCC	95	25.63	24.79	24.40	25.19	0.23	0.00
GCC	96	25.47	24.53	24.56	25.45	0.24	0.00
GCC	97	25.51	24.72	24.61	25.16	0.23	0.00
GCC	98	25.73	24.54	24.71	25.02	0.23	0.00
GCC	99	25.35	24.45	24.79	25.41	0.23	0.00
GCC	100	25.37	24.84	24.87	24.91	0.24	0.00
GCC	101	25.56	24.81	24.62	25.01	0.25	0.00
GCC	102	25.49	24.63	24.78	25.11	0.24	0.00
GCC	103	25.38	24.76	24.88	24.98	0.69	0.00
GCC	104	25.49	24.66	24.82	25.03	0.29	0.00
GCC	105	25.03	24.92	25.00	25.05	0.27	0.00
GCC	106	25.44	24.54	24.84	25.18	0.27	0.00
GCC	107	25.13	24.71	25.05	25.11	0.27	0.00
GCC	108	24.31	25.69	25.87	24.13	1.10	0.00
# ACGT content per cycle, read oriented. Use `grep ^GCT | cut -f 2-` to extract this part. The columns are: cycle; A,C,G,T base counts as a percentage of all A/C/G/T bases [%]
GCT	1	32.27	17.14	24.23	26.37
GCT	2	30.13	20.56	24.53	24.79
GCT	3	29.15	20.65	23.63	26.57
GCT	4	26.95	21.94	25.59	25.52
GCT	5	28.72	21.09	24.17	26.02
GCT	6	28.41	23.11	24.83	23.65
GCT	7	27.81	21.94	23.83	26.42
GCT	8	27.61	22.67	23.56	26.17
GCT	9	27.42	22.88	23.19	26.51
GCT	10	28.29	22.91	23.14	25.66
GCT	11	27.56	22.77	23.33	26.35
GCT	12	27.32	22.94	22.97	26.77
GCT	13	27.31	22.76	22.73	27.20
GCT	14	27.30	22.84	22.75	27.11
GCT	15	27.17	23.03	22.82	26.98
GCT	16	27.11	23.10	22.77	27.03
GCT	17	27.18	22.92	22.85	27.05
GCT	18	26.89	23.16	22.91	27.04
GCT	19	26.92	23.20	22.76	27.12
GCT	20	27.02	23.09	22.94	26.95
GCT	21	27.11	23.09	22.95	26.85
GCT	22	26.73	23.45	22.88	26.94
GCT	23	26.96	23.11	22.94	27.00
GCT	24	26.82	23.34	22.97	26.87
GCT	25	26.97	23.16	23.11	26.76
GCT	26	26.88	23.08	23.24	26.80
GCT	27	26.91	23.12	23.23	26.74
GCT	28	26.97	23.03	23.32	26.68
GCT	29	26.92	23.02	23.19	26.87
GCT	30	26.65	22.93	23.40	27.01
GCT	31	26.71	23.06	23.54	26.70
GCT	32	26.83	22.93	23.57	26.68
GCT	33	26.96	22.81	23.66	26.57
GCT	34	27.02	22.68	23.57	26.73
GCT	35	26.81	22.84	23.72	26.63
GCT	36	26.89	22.59	23.87	26.65
GCT	37	26.92	22.45	24.01	26.62
GCT	38	26.10	23.77	23.97	26.16
GCT	39	25.96	23.87	23.61	26.56
GCT	40	25.97	23.36	24.18	26.48
GCT	41	25.98	23.52	24.07	26.42
GCT	42	25.96	23.31	24.41	26.33
GCT	43	26.18	23.57	23.91	26.34
GCT	44	25.83	23.71	23.83	26.63
GCT	45	26.09	23.88	23.80	26.23
GCT	46	26.03	23.72	23.87	26.38
GCT	47	25.89	23.82	24.09	26.20
GCT	48	25.51	23.61	24.22	26.66
GCT	49	25.99	23.91	23.78	26.31
GCT	50	25.90	24.05	23.73	26.33
GCT	51	26.22	23.77	23.75	26.27
GCT	52	25.89	23.80	24.07	26.24
GCT	53	25.93	23.90	23.85	26.32
GCT	54	25.93	23.66	23.92	26.50
GCT	55	25.50	24.08	24.14	26.29
GCT	56	25.94	24.24	23.76	26.07
GCT	57	25.68	24.10	23.84	26.38
GCT	58	26.07	23.44	24.10	26.40
GCT	59	26.07	23.76	23.89	26.27
GCT	60	25.73	24.04	24.01	26.22
GCT	61	25.68	24.18	23.71	26.44
GCT	62	25.73	24.31	23.71	26.25
GCT	63	25.39	24.13	23.87	26.62
GCT	64	25.97	23.82	24.09	26.11
GCT	65	25.59	24.05	24.34	26.02
GCT	66	25.78	24.00	24.23	25.99
GCT	67	25.78	24.12	23.96	26.15
GCT	68	25.94	24.40	23.98	25.68
GCT	69	25.61	24.15	23.80	26.45
GCT	70	25.36	24.21	24.13	26.30
GCT	71	25.41	24.29	24.19	26.11
GCT	72	25.58	24.10	24.32	26.00
GCT	73	25.50	24.33	24.20	25.97
GCT	74	25.97	24.19	23.92	25.92
GCT	75	25.48	24.26	24.20	26.06
GCT	76	25.50	24.44	24.02	26.04
GCT	77	25.34	24.64	24.03	25.99
GCT	78	25.61	24.57	24.02	25.80
GCT	79	25.45	24.24	24.08	26.22
GCT	80	25.52	24.51	24.30	25.67
GCT	81	25.65	24.19	24.02	26.14
GCT	82	25.43	24.28	24.51	25.78
GCT	83	25.18	24.49	24.52	25.82
GCT	84	25.60	24.18	24.39	25.83
GCT	85	25.40	24.75	24.38	25.47
GCT	86	25.51	24.60	24.08	25.82
GCT	87	25.72	24.46	24.53	25.29
GCT	88	25.72	24.40	24.33	25.55
GCT	89	25.35	24.38	24.69	25.59
GCT	90	25.36	24.73	24.18	25.73
GCT	91	25.36	24.56	24.14	25.95
GCT	92	25.37	24.70	24.01	25.92
GCT	93	25.27	24.72	24.19	25.81
GCT	94	25.13	24.81	24.24	25.82
GCT	95	25.16	24.80	24.38	25.65
GCT	96	25.25	24.71	24.37	25.66
GCT	97	25.27	24.98	24.36	25.40
GCT	98	25.17	25.02	24.22	25.58
GCT	99	25.05	24.92	24.32	25.71
GCT	100	24.82	25.29	24.42	25.47
GCT	101	24.89	25.01	24.42	25.68
GCT	102	25.08	24.89	24.52	25.52
GCT	103	24.70	25.05	24.59	25.67
GCT	104	25.16	24.96	24.52	25.36
GCT	105	24.75	25.25	24.67	25.33
GCT	106	25.05	25.26	24.11	25.58
GCT	107	24.77	25.49	24.27	25.48
GCT	108	24.05	25.57	25.99	24.39
# ACGT content per cycle for first fragments. Use `grep ^FBC | cut -f 2-` to extract this part. The columns are: cycle; A,C,G,T base counts as a percentage of all A/C/G/T bases [%]; and N and O counts as a percentage of all A/C/G/T bases [%]
FBC	1	30.04	20.22	20.12	29.62	0.00	0.00
FBC	2	27.43	22.74	22.76	27.07	0.00	0.00
FBC	3	28.59	21.75	21.68	27.98	0.00	0.00
FBC	4	26.86	23.24	23.26	26.63	0.00	0.00
FBC	5	27.79	22.40	22.50	27.31	0.00	0.00
FBC	6	26.33	23.82	23.60	26.25	0.00	0.00
FBC	7	27.59	22.71	22.67	27.03	0.00	0.00
FBC	8	27.43	22.86	22.89	26.81	0.00	0.00
FBC	9	27.41	22.82	22.85	26.93	0.00	0.00
FBC	10	27.50	22.69	22.95	26.86	0.00	0.00
FBC	11	27.42	22.72	23.08	26.78	0.00	0.00
FBC	12	27.46	22.75	22.87	26.92	0.00	0.00
FBC	13	27.57	22.55	22.76	27.13	0.00	0.00
FBC	14	27.52	22.68	22.80	27.00	0.00	0.00
FBC	15	27.30	22.90	22.78	27.02	0.00	0.00
FBC	16	27.24	22.87	22.98	26.90	0.00	0.00
FBC	17	27.22	22.94	22.84	27.00	0.00	0.00
FBC	18	27.15	22.95	23.12	26.78	0.00	0.00
FBC	19	27.24	22.88	23.10	26.78	0.00	0.00
FBC	20	27.14	22.83	23.11	26.92	0.00	0.00
FBC	21	27.25	22.95	23.10	26.71	0.00	0.00
FBC	22	27.06	23.07	23.40	26.47	0.00	0.00
FBC	23	27.26	23.02	23.08	26.64	0.00	0.00
FBC	24	26.91	23.14	23.33	26.62	0.00	0.00
FBC	25	27.11	22.99	23.19	26.72	0.00	0.00
FBC	26	27.00	23.17	23.25	26.58	0.00	0.00
FBC	27	26.90	23.15	23.15	26.81	0.00	0.00
FBC	28	26.97	23.15	23.25	26.62	0.00	0.00
FBC	29	27.17	22.99	23.17	26.67	0.00	0.00
FBC	30	26.98	23.23	23.18	26.61	0.00	0.00
FBC	31	26.94	23.33	23.32	26.41	0.00	0.00
FBC	32	27.06	23.12	23.29	26.53	0.00	0.00
FBC	33	27.01	23.16	23.22	26.61	0.00	0.00
FBC	34	27.02	23.05	23.11	26.81	0.00	0.00
FBC	35	26.81	23.29	23.44	26.46	0.00	0.00
FBC	36	26.91	23.15	23.08	26.87	0.00	0.00
FBC	37	26.92	23.20	23.26	26.61	0.01	0.00
FBC	38	26.33	23.76	24.04	25.87	0.00	0.00
FBC	39	26.39	23.69	23.83	26.09	0.00	0.00
FBC	40	26.48	23.81	24.02	25.69	0.00	0.00
FBC	41	26.36	23.88	23.57	26.20	0.00	0.00
FBC	42	26.31	24.03	23.81	25.85	0.00	0.00
FBC	43	26.36	24.14	23.74	25.75	0.00	0.00
FBC	44	26.18	23.91	23.64	26.28	0.00	0.00
FBC	45	26.38	23.87	23.93	25.82	0.00	0.00
FBC	46	26.36	23.88	23.62	26.15	0.00	0.00
FBC	47	25.89	24.30	23.89	25.92	0.00	0.00
FBC	48	26.00	23.87	24.26	25.87	0.00	0.00
FBC	49	25.83	24.03	23.96	26.18	0.00	0.00
FBC	50	25.99	23.90	23.84	26.27	0.00	0.00
FBC	51	26.34	23.67	24.00	25.98	0.00	0.00
FBC	52	25.52	24.09	24.29	26.10	0.00	0.00
FBC	53	26.02	23.60	24.14	26.24	0.00	0.00
FBC	54	26.34	23.84	23.69	26.12	0.02	0.00
FBC	55	26.02	24.21	24.08	25.69	0.01	0.00
FBC	56	26.40	24.30	23.96	25.34	0.82	0.00
FBC	57	26.27	23.97	24.03	25.73	0.04	0.00
FBC	58	26.62	24.19	23.81	25.39	0.07	0.00
FBC	59	26.29	23.45	24.24	26.02	0.06	0.00
FBC	60	26.17	23.95	24.13	25.75	0.83	0.00
FBC	61	25.93	23.81	24.63	25.63	0.06	0.00
FBC	62	26.22	23.55	24.39	25.84	0.07	0.00
FBC	63	25.99	24.00	24.34	25.67	0.07	0.00
FBC	64	26.03	24.05	24.04	25.88	0.09	0.00
FBC	65	25.60	24.27	24.50	25.63	0.09	0.00
FBC	66	25.89	24.03	24.09	25.98	0.08	0.00
FBC	67	25.99	23.99	24.18	25.84	0.09	0.00
FBC	68	25.92	24.03	24.54	25.52	0.11	0.00
FBC	69	26.27	23.72	24.10	25.91	0.09	0.00
FBC	70	25.84	24.23	24.50	25.43	0.10	0.00
FBC	71	25.75	24.20	24.43	25.62	0.08	0.00
FBC	72	26.06	24.20	24.57	25.16	0.14	0.00
FBC	73	25.54	24.15	24.64	25.68	0.13	0.00
FBC	74	25.85	24.31	24.09	25.76	0.14	0.00
FBC	75	25.93	24.16	24.48	25.43	0.15	0.00
FBC	76	25.52	24.23	24.42	25.83	0.15	0.00
FBC	77	25.88	24.57	24.51	25.03	0.16	0.00
FBC	78	26.22	24.24	24.14	25.40	0.17	0.00
FBC	79	25.78	24.32	24.32	25.58	0.17	0.00
FBC	80	25.36	24.68	24.52	25.44	0.17	0.00
FBC	81	26.15	24.10	24.24	25.52	0.18	0.00
FBC	82	25.71	24.45	24.37	25.47	0.18	0.00
FBC	83	25.59	24.68	24.32	25.41	0.19	0.00
FBC	84	25.90	24.83	24.04	25.23	0.18	0.00
FBC	85	25.05	24.67	24.82	25.46	0.19	0.00
FBC	86	25.62	24.62	24.39	25.37	0.19	0.00
FBC	87	25.48	24.48	24.72	25.31	0.19	0.00
FBC	88	25.80	24.12	24.55	25.53	0.20	0.00
FBC	89	25.16	24.62	24.70	25.53	0.20	0.00
FBC	90	25.60	24.80	24.48	25.12	0.22	0.00
FBC	91	25.60	24.56	24.23	25.61	0.90	0.00
FBC	92	25.56	24.39	24.71	25.34	0.22	0.00
FBC	93	25.48	24.63	24.45	25.44	0.32	0.00
FBC	94	25.32	24.61	24.64	25.43	0.30	0.00
FBC	95	25.18	25.16	24.60	25.06	0.33	0.00
FBC	96	25.63	24.56	24.56	25.25	0.32	0.00
FBC	97	25.20	24.81	24.94	25.06	0.34	0.00
FBC	98	25.71	24.54	24.58	25.17	0.36	0.00
FBC	99	25.07	24.74	24.68	25.51	0.34	0.00
FBC	100	25.40	25.09	25.06	24.45	0.37	0.00
FBC	101	25.36	24.93	24.54	25.18	0.38	0.00
FBC	102	25.41	24.60	24.66	25.32	0.37	0.00
FBC	103	25.03	25.34	24.77	24.86	0.39	0.00
FBC	104	25.47	24.67	24.95	24.91	0.42	0.00
FBC	105	24.93	24.94	25.39	24.75	0.40	0.00
FBC	106	25.47	24.95	24.70	24.87	0.42	0.00
FBC	107	25.23	25.08	25.14	24.55	0.42	0.00
FBC	108	24.20	26.08	26.01	23.71	0.41	0.00
# ACGT raw counters for first fragments. Use `grep ^FTC | cut -f 2-` to extract this part. The columns are: A,C,G,T,N base counters
FTC	2421212	2098759	2105169	2388199	4743
# ACGT content per cycle for last fragments. Use `grep ^LBC | cut -f 2-` to extract this part. The columns are: cycle; A,C,G,T base counts as a percentage of all A/C/G/T bases [%]; and N and O counts as a percentage of all A/C/G/T bases [%]
LBC	1	29.02	21.18	21.22	28.57	0.00	0.00
LBC	2	27.74	22.23	22.44	27.59	0.00	0.00
LBC	3	27.67	22.65	22.49	27.20	0.00	0.00
LBC	4	25.79	24.21	24.35	25.65	0.00	0.00
LBC	5	27.40	22.76	22.87	26.97	0.00	0.00
LBC	6	25.85	24.20	24.27	25.68	0.00	0.00
LBC	7	27.20	23.06	23.11	26.63	0.00	0.00
LBC	8	26.90	23.35	23.36	26.40	0.00	0.00
LBC	9	26.85	23.13	23.36	26.67	0.00	0.00
LBC	10	26.82	23.23	23.24	26.71	0.00	0.00
LBC	11	27.22	23.23	23.17	26.38	0.00	0.00
LBC	12	27.01	22.92	23.30	26.77	0.00	0.00
LBC	13	27.43	22.75	22.91	26.91	0.00	0.00
LBC	14	27.54	22.71	22.99	26.76	0.00	0.00
LBC	15	27.26	22.93	23.09	26.71	0.00	0.00
LBC	16	27.29	22.95	22.92	26.83	0.00	0.00
LBC	17	27.32	22.79	22.97	26.92	0.00	0.00
LBC	18	27.23	22.94	23.13	26.70	0.00	0.00
LBC	19	27.31	22.94	22.99	26.75	0.00	0.00
LBC	20	27.15	23.05	23.08	26.73	0.00	0.00
LBC	21	27.15	22.98	23.05	26.82	0.00	0.00
LBC	22	27.19	23.20	22.99	26.63	0.00	0.00
LBC	23	27.14	22.75	23.25	26.86	0.00	0.00
LBC	24	27.10	22.91	23.24	26.75	0.00	0.00
LBC	25	27.08	23.16	23.19	26.57	0.00	0.00
LBC	26	26.89	23.02	23.20	26.89	0.00	0.00
LBC	27	27.00	23.09	23.32	26.59	0.02	0.00
LBC	28	27.02	23.13	23.17	26.68	0.00	0.00
LBC	29	26.97	22.99	23.27	26.77	0.00	0.00
LBC	30	27.12	23.09	23.17	26.62	0.00	0.00
LBC	31	27.11	23.11	23.43	26.35	0.00	0.00
LBC	32	26.96	23.15	23.43	26.46	0.00	0.00
LBC	33	26.86	23.18	23.38	26.58	0.00	0.00
LBC	34	27.05	23.08	23.24	26.62	0.00	0.00
LBC	35	26.99	23.08	23.30	26.62	0.00	0.00
LBC	36	26.84	23.38	23.31	26.46	0.00	0.00
LBC	37	26.98	23.22	23.24	26.56	0.01	0.00
LBC	38	26.43	23.67	24.01	25.89	0.00	0.00
LBC	39	26.79	23.53	23.91	25.77	0.00	0.00
LBC	40	26.10	23.35	23.90	26.64	0.00	0.00
LBC	41	26.13	23.71	24.04	26.12	0.04	0.00
LBC	42	26.00	23.86	23.72	26.42	0.07	0.00
LBC	43	26.57	23.61	23.46	26.36	0.00	0.00
LBC	44	26.71	23.36	24.18	25.75	0.00	0.00
LBC	45	26.42	23.71	23.84	26.03	0.00	0.00
LBC	46	26.29	23.68	24.00	26.03	0.00	0.00
LBC	47	26.34	23.80	23.84	26.03	0.00	0.00
LBC	48	26.37	23.81	23.73	26.09	0.00	0.00
LBC	49	26.57	23.76	23.64	26.04	0.00	0.00
LBC	50	26.13	23.82	23.98	26.07	0.00	0.00
LBC	51	26.39	23.53	23.83	26.25	0.00	0.00
LBC	52	26.23	23.48	23.88	26.41	0.00	0.00
LBC	53	26.67	23.83	23.93	25.57	0.00	0.00
LBC	54	26.38	23.54	24.08	25.99	0.00	0.00
LBC	55	26.22	24.10	24.03	25.65	0.00	0.00
LBC	56	26.12	23.86	23.88	26.15	0.00	0.00
LBC	57	26.21	24.27	23.61	25.91	0.00	0.00
LBC	58	26.54	23.53	23.54	26.39	0.00	0.00
LBC	59	26.41	24.02	23.61	25.96	0.00	0.00
LBC	60	26.16	24.06	23.97	25.82	0.11	0.00
LBC	61	26.54	23.57	23.75	26.14	0.13	0.00
LBC	62	26.11	23.65	24.45	25.79	0.11	0.00
LBC	63	26.54	23.60	24.04	25.81	0.11	0.00
LBC	64	26.34	23.92	23.82	25.92	0.01	0.00
LBC	65	26.17	24.13	23.87	25.83	0.09	0.00
LBC	66	26.02	23.93	24.41	25.64	0.10	0.00
LBC	67	26.26	23.77	24.21	25.77	0.10	0.00
LBC	68	26.06	23.90	24.30	25.74	0.01	0.00
LBC	69	26.13	24.07	24.00	25.80	0.00	0.00
LBC	70	26.04	23.82	24.13	26.01	0.00	0.00
LBC	71	25.84	24.04	24.30	25.83	0.00	0.00
LBC	72	26.01	23.74	24.32	25.93	0.11	0.00
LBC	73	26.15	23.73	24.54	25.57	0.12	0.00
LBC	74	26.29	23.53	24.29	25.89	0.10	0.00
LBC	75	26.45	23.99	24.28	25.28	0.10	0.00
LBC	76	26.32	24.24	24.02	25.42	0.11	0.00
LBC	77	26.05	23.81	24.45	25.69	0.08	0.00
LBC	78	25.69	24.18	24.62	25.51	0.09	0.00
LBC	79	26.04	23.89	24.12	25.95	0.07	0.00
LBC	80	25.76	24.22	24.21	25.81	0.08	0.00
LBC	81	25.89	23.62	24.47	26.03	0.01	0.00
LBC	82	25.84	24.37	24.39	25.41	0.00	0.00
LBC	83	25.86	24.44	24.56	25.14	0.06	0.00
LBC	84	26.05	24.05	24.21	25.69	0.11	0.00
LBC	85	25.65	24.51	24.26	25.58	0.08	0.00
LBC	86	25.87	24.21	24.12	25.79	0.10	0.00
LBC	87	25.62	24.37	24.42	25.59	0.10	0.00
LBC	88	25.89	24.52	24.28	25.32	0.08	0.00
LBC	89	25.51	24.29	24.53	25.67	0.11	0.00
LBC	90	25.90	24.15	24.40	25.55	0.10	0.00
LBC	91	25.76	24.70	23.90	25.64	0.11	0.00
LBC	92	25.78	24.31	24.00	25.90	0.11	0.00
LBC	93	25.58	23.97	24.79	25.66	0.10	0.00
LBC	94	25.55	24.41	24.43	25.61	0.10	0.00
LBC	95	26.07	24.41	24.19	25.33	0.12	0.00
LBC	96	25.30	24.49	24.56	25.64	0.15	0.00
LBC	97	25.83	24.63	24.28	25.26	0.13	0.00
LBC	98	25.75	24.53	24.83	24.88	0.11	0.00
LBC	99	25.63	24.15	24.90	25.31	0.12	0.00
LBC	100	25.35	24.59	24.67	25.38	0.12	0.00
LBC	101	25.77	24.70	24.70	24.83	0.11	0.00
LBC	102	25.56	24.66	24.89	24.89	0.12	0.00
LBC	103	25.74	24.17	24.98	25.10	0.98	0.00
LBC	104	25.51	24.66	24.69	25.15	0.17	0.00
LBC	105	25.14	24.90	24.61	25.35	0.15	0.00
LBC	106	25.41	24.12	24.97	25.50	0.11	0.00
LBC	107	25.02	24.33	24.97	25.68	0.11	0.00
LBC	108	24.41	25.29	25.74	24.56	1.80	0.00
# ACGT raw counters for last fragments. Use `grep ^LTC | cut -f 2-` to extract this part. The columns are: A,C,G,T,N base counters
LTC	2394322	2082224	2095147	2361081	2647
# Insert sizes. Use `grep ^IS | cut -f 2-` to extract this part. The columns are: insert size, pairs total, inward oriented pairs, outward oriented pairs, other pairs
IS	0	1	0	0	1
IS	1	0	0	0	0
IS	2	0	0	0	0
IS	3	0	0	0	0
IS	4	0	0	0	0
IS	5	0	0	0	0
IS	6	0	0	0	0
IS	7	0	0	0	0
IS	8	0	0	0	0
IS	9	0	0	0	0
IS	10	0	0	0	0
IS	11	0	0	0	0
IS	12	0	0	0	0
IS	13	0	0	0	0
IS	14	0	0	0	0
IS	15	0	0	0	0
IS	16	0	0	0	0
IS	17	0	0	0	0
IS	18	0	0	0	0
IS	19	0	0	0	0
IS	20	0	0	0	0
IS	21	0	0	0	0
IS	22	0	0	0	0
IS	23	0	0	0	0
IS	24	0	0	0	0
IS	25	0	0	0	0
IS	26	0	0	0	0
IS	27	0	0	0	0
IS	28	0	0	0	0
IS	29	0	0	0	0
IS	30	0	0	0	0
IS	31	1	0	1	0
IS	32	13	0	13	0
IS	33	48	0	48	0
IS	34	129	7	122	0
IS	35	211	26	185	0
IS	36	260	149	111	0
IS	37	294	293	1	0
IS	38	333	332	0	1
IS	39	374	374	0	0
IS	40	391	391	0	0
IS	41	438	438	0	0
IS	42	462	462	0	0
IS	43	494	494	0	0
IS	44	526	526	0	0
IS	45	570	570	0	0
IS	46	587	587	0	0
IS	47	601	601	0	0
IS	48	665	665	0	0
IS	49	696	695	0	1
IS	50	663	663	0	0
IS	51	709	708	1	0
IS	52	755	755	0	0
IS	53	745	745	0	0
IS	54	786	786	0	0
IS	55	834	834	0	0
IS	56	892	892	0	0
IS	57	838	838	0	0
IS	58	913	913	0	0
IS	59	941	941	0	0
IS	60	970	970	0	0
IS	61	915	914	1	0
IS	62	935	935	0	0
IS	63	973	973	0	0
IS	64	992	992	0	0
IS	65	946	946	0	0
IS	66	1008	1008	0	0
IS	67	969	968	1	0
IS	68	976	976	0	0
IS	69	959	959	0	0
IS	70	984	984	0	0
IS	71	985	985	0	0
IS	72	990	990	0	0
IS	73	1013	1013	0	0
IS	74	1052	1050	2	0
IS	75	985	985	0	0
IS	76	961	960	1	0
IS	77	984	984	0	0
IS	78	982	982	0	0
IS	79	1008	1008	0	0
IS	80	919	919	0	0
IS	81	930	930	0	0
IS	82	932	932	0	0
IS	83	941	941	0	0
IS	84	908	908	0	0
IS	85	964	964	0	0
IS	86	900	900	0	0
IS	87	898	898	0	0
IS	88	869	869	0	0
IS	89	877	877	0	0
IS	90	847	847	0	0
IS	91	819	819	0	0
IS	92	823	823	0	0
IS	93	720	720	0	0
IS	94	790	790	0	0
IS	95	866	866	0	0
IS	96	787	787	0	0
IS	97	795	795	0	0
IS	98	738	737	1	0
IS	99	756	755	1	0
IS	100	749	749	0	0
IS	101	755	752	3	0
IS	102	705	704	1	0
IS	103	736	736	0	0
IS	104	689	688	1	0
IS	105	690	689	1	0
IS	106	710	710	0	0
IS	107	714	713	1	0
IS	108	701	701	0	0
IS	109	688	688	0	0
IS	110	626	626	0	0
IS	111	617	617	0	0
IS	112	636	636	0	0
IS	113	636	636	0	0
IS	114	602	602	0	0
IS	115	630	630	0	0
IS	116	612	612	0	0
IS	117	599	599	0	0
IS	118	563	563	0	0
IS	119	574	574	0	0
IS	120	562	562	0	0
IS	121	540	540	0	0
IS	122	549	549	0	0
IS	123	562	562	0	0
IS	124	512	512	0	0
IS	125	551	551	0	0
IS	126	529	529	0	0
IS	127	538	538	0	0
IS	128	523	523	0	0
IS	129	506	506	0	0
IS	130	514	514	0	0
IS	131	500	500	0	0
IS	132	491	491	0	0
IS	133	473	473	0	0
IS	134	464	464	0	0
IS	135	434	433	1	0
IS	136	437	437	0	0
IS	137	419	419	0	0
IS	138	468	468	0	0
IS	139	414	414	0	0
IS	140	434	434	0	0
IS	141	378	378	0	0
IS	142	392	392	0	0
IS	143	416	416	0	0
IS	144	374	374	0	0
IS	145	400	400	0	0
IS	146	373	373	0	0
IS	147	386	386	0	0
IS	148	345	345	0	0
IS	149	365	365	0	0
IS	150	353	353	0	0
IS	151	381	379	1	1
IS	152	349	349	0	0
IS	153	341	341	0	0
IS	154	315	315	0	0
IS	155	344	344	0	0
IS	156	340	340	0	0
IS	157	355	355	0	0
IS	158	318	318	0	0
IS	159	350	350	0	0
IS	160	306	306	0	0
IS	161	306	306	0	0
IS	162	297	297	0	0
IS	163	295	295	0	0
IS	164	292	292	0	0
IS	165	260	260	0	0
IS	166	296	296	0	0
IS	167	257	257	0	0
IS	168	291	291	0	0
IS	169	281	281	0	0
IS	170	269	269	0	0
IS	171	284	284	0	0
IS	172	262	262	0	0
IS	173	240	240	0	0
IS	174	268	268	0	0
IS	175	261	261	0	0
IS	176	283	283	0	0
IS	177	230	230	0	0
IS	178	264	264	0	0
IS	179	247	247	0	0
IS	180	253	253	0	0
IS	181	232	232	0	0
IS	182	244	244	0	0
IS	183	226	226	0	0
IS	184	239	239	0	0
IS	185	252	252	0	0
IS	186	241	241	0	0
IS	187	229	229	0	0
IS	188	237	237	0	0
IS	189	244	244	0	0
IS	190	234	234	0	0
IS	191	231	231	0	0
IS	192	262	262	0	0
IS	193	230	229	0	1
IS	194	235	235	0	0
IS	195	215	215	0	0
IS	196	266	266	0	0
IS	197	231	231	0	0
IS	198	240	240	0	0
IS	199	226	226	0	0
IS	200	209	209	0	0
IS	201	221	221	0	0
IS	202	206	206	0	0
IS	203	232	232	0	0
IS	204	244	244	0	0
IS	205	240	240	0	0
IS	206	233	233	0	0
IS	207	252	252	0	0
IS	208	270	270	0	0
IS	209	228	228	0	0
IS	210	254	254	0	0
IS	211	272	272	0	0
IS	212	251	251	0	0
IS	213	257	257	0	0
IS	214	253	253	0	0
IS	215	266	266	0	0
IS	216	283	283	0	0
IS	217	280	280	0	0
IS	218	261	261	0	0
IS	219	282	282	0	0
IS	220	281	281	0	0
IS	221	270	270	0	0
IS	222	272	272	0	0
IS	223	277	277	0	0
IS	224	250	250	0	0
IS	225	281	281	0	0
IS	226	283	283	0	0
IS	227	286	286	0	0
IS	228	282	282	0	0
IS	229	252	252	0	0
IS	230	289	289	0	0
IS	231	278	278	0	0
IS	232	255	255	0	0
IS	233	259	259	0	0
IS	234	244	244	0	0
IS	235	260	260	0	0
IS	236	226	226	0	0
IS	237	235	235	0	0
IS	238	243	243	0	0
IS	239	248	248	0	0
IS	240	222	222	0	0
IS	241	227	227	0	0
IS	242	231	231	0	0
IS	243	229	229	0	0
IS	244	250	250	0	0
IS	245	189	189	0	0
IS	246	236	236	0	0
IS	247	228	228	0	0
IS	248	233	233	0	0
IS	249	205	205	0	0
IS	250	186	186	0	0
IS	251	189	189	0	0
IS	252	155	155	0	0
IS	253	199	199	0	0
IS	254	189	189	0	0
IS	255	190	190	0	0
IS	256	167	167	0	0
IS	257	172	172	0	0
IS	258	178	178	0	0
IS	259	132	132	0	0
IS	260	153	153	0	0
IS	261	170	170	0	0
IS	262	155	155	0	0
IS	263	125	125	0	0
IS	264	130	130	0	0
IS	265	153	153	0	0
IS	266	157	157	0	0
IS	267	155	155	0	0
IS	268	128	127	1	0
IS	269	129	129	0	0
IS	270	144	144	0	0
IS	271	110	110	0	0
IS	272	130	130	0	0
IS	273	137	137	0	0
IS	274	124	124	0	0
IS	275	122	122	0	0
IS	276	101	101	0	0
IS	277	119	119	0	0
IS	278	119	119	0	0
IS	279	100	100	0	0
IS	280	113	113	0	0
IS	281	93	93	0	0
IS	282	96	96	0	0
IS	283	99	99	0	0
IS	284	88	88	0	0
IS	285	93	93	0	0
IS	286	85	85	0	0
IS	287	95	95	0	0
IS	288	78	78	0	0
IS	289	85	85	0	0
IS	290	72	72	0	0
IS	291	84	84	0	0
IS	292	76	76	0	0
IS	293	78	78	0	0
IS	294	59	59	0	0
IS	295	64	64	0	0
IS	296	58	58	0	0
IS	297	57	57	0	0
IS	298	55	55	0	0
IS	299	51	51	0	0
IS	300	63	63	0	0
IS	301	47	47	0	0
IS	302	48	48	0	0
IS	303	39	39	0	0
IS	304	32	32	0	0
IS	305	39	39	0	0
IS	306	29	29	0	0
IS	307	37	37	0	0
IS	308	29	29	0	0
IS	309	36	36	0	0
IS	310	36	36	0	0
IS	311	27	27	0	0
IS	312	14	14	0	0
IS	313	23	23	0	0
IS	314	18	18	0	0
IS	315	20	20	0	0
IS	316	12	12	0	0
IS	317	10	10	0	0
IS	318	19	19	0	0
IS	319	10	10	0	0
IS	320	16	16	0	0
IS	321	19	19	0	0
IS	322	12	12	0	0
IS	323	10	10	0	0
IS	324	25	25	0	0
IS	325	11	11	0	0
IS	326	14	14	0	0
IS	327	11	11	0	0
IS	328	17	17	0	0
IS	329	10	10	0	0
IS	330	13	13	0	0
IS	331	16	16	0	0
IS	332	21	21	0	0
IS	333	8	8	0	0
IS	334	18	18	0	0
IS	335	15	15	0	0
IS	336	17	17	0	0
IS	337	15	15	0	0
IS	338	13	13	0	0
IS	339	18	18	0	0
IS	340	19	18	1	0
IS	341	12	12	0	0
IS	342	15	15	0	0
IS	343	14	14	0	0
IS	344	22	22	0	0
IS	345	10	10	0	0
IS	346	18	18	0	0
IS	347	20	20	0	0
IS	348	28	28	0	0
IS	349	20	20	0	0
IS	350	23	23	0	0
IS	351	43	43	0	0
IS	352	32	32	0	0
IS	353	30	30	0	0
IS	354	36	36	0	0
IS	355	41	41	0	0
IS	356	39	39	0	0
IS	357	40	40	0	0
IS	358	46	46	0	0
IS	359	52	52	0	0
IS	360	51	51	0	0
IS	361	46	46	0	0
IS	362	52	52	0	0
IS	363	66	66	0	0
IS	364	68	68	0	0
IS	365	63	63	0	0
IS	366	84	84	0	0
IS	367	81	81	0	0
IS	368	91	91	0	0
IS	369	101	101	0	0
IS	370	98	97	0	1
IS	371	112	112	0	0
IS	372	97	97	0	0
IS	373	145	145	0	0
IS	374	125	125	0	0
IS	375	144	144	0	0
IS	376	149	149	0	0
IS	377	167	167	0	0
IS	378	149	149	0	0
IS	379	219	219	0	0
IS	380	193	193	0	0
IS	381	206	206	0	0
IS	382	216	216	0	0
IS	383	252	252	0	0
IS	384	203	203	0	0
IS	385	266	266	0	0
IS	386	293	293	0	0
IS	387	256	256	0	0
IS	388	284	284	0	0
IS	389	275	275	0	0
IS	390	324	324	0	0
IS	391	285	285	0	0
IS	392	338	338	0	0
IS	393	331	331	0	0
IS	394	336	336	0	0
IS	395	319	319	0	0
IS	396	344	344	0	0
IS	397	301	301	0	0
IS	398	367	367	0	0
IS	399	338	338	0	0
IS	400	332	332	0	0
IS	401	358	358	0	0
IS	402	354	354	0	0
IS	403	353	353	0	0
IS	404	356	356	0	0
IS	405	355	355	0	0
IS	406	329	329	0	0
IS	407	368	368	0	0
IS	408	399	399	0	0
IS	409	367	367	0	0
IS	410	376	376	0	0
IS	411	393	393	0	0
IS	412	382	382	0	0
IS	413	382	382	0	0
IS	414	372	372	0	0
IS	415	360	360	0	0
IS	416	399	399	0	0
IS	417	412	412	0	0
IS	418	354	354	0	0
IS	419	368	368	0	0
IS	420	401	401	0	0
IS	421	364	364	0	0
IS	422	386	386	0	0
IS	423	346	346	0	0
IS	424	390	390	0	0
IS	425	391	391	0	0
IS	426	408	408	0	0
IS	427	388	388	0	0
IS	428	381	381	0	0
IS	429	396	396	0	0
IS	430	398	398	0	0
IS	431	390	390	0	0
IS	432	393	393	0	0
IS	433	373	373	0	0
IS	434	369	369	0	0
IS	435	388	388	0	0
IS	436	378	378	0	0
IS	437	346	346	0	0
IS	438	359	359	0	0
IS	439	377	377	0	0
IS	440	362	362	0	0
IS	441	361	361	0	0
IS	442	321	321	0	0
IS	443	335	335	0	0
IS	444	308	308	0	0
IS	445	330	330	0	0
IS	446	326	326	0	0
IS	447	296	296	0	0
IS	448	352	352	0	0
IS	449	341	341	0	0
IS	450	299	299	0	0
IS	451	323	323	0	0
IS	452	307	307	0	0
IS	453	277	277	0	0
IS	454	245	245	0	0
IS	455	279	279	0	0
IS	456	251	251	0	0
IS	457	227	227	0	0
IS	458	223	223	0	0
IS	459	220	220	0	0
IS	460	251	251	0	0
IS	461	228	228	0	0
IS	462	201	201	0	0
IS	463	182	182	0	0
IS	464	190	190	0	0
IS	465	177	177	0	0
IS	466	157	157	0	0
IS	467	160	160	0	0
IS	468	165	165	0	0
IS	469	155	155	0	0
IS	470	133	133	0	0
IS	471	127	127	0	0
IS	472	136	136	0	0
IS	473	117	117	0	0
IS	474	119	119	0	0
IS	475	98	98	0	0
# Read lengths. Use `grep ^RL | cut -f 2-` to extract this part. The columns are: read length, count
RL	37	275523
RL	108	71844
# Read lengths - first fragments. Use `grep ^FRL | cut -f 2-` to extract this part. The columns are: read length, count
FRL	37	138286
FRL	108	36125
# Read lengths - last fragments. Use `grep ^LRL | cut -f 2-` to extract this part. The columns are: read length, count
LRL	37	137237
LRL	108	35719
# Mapping qualities for reads !(UNMAP|SECOND|SUPPL|QCFAIL|DUP). Use `grep ^MAPQ | cut -f 2-` to extract this part. The columns are: mapq, count
MAPQ	0	17496
MAPQ	1	13
MAPQ	2	22
MAPQ	3	225
MAPQ	4	15
MAPQ	5	26
MAPQ	6	12
MAPQ	7	76
MAPQ	8	35
MAPQ	9	3563
MAPQ	10	72
MAPQ	11	4
MAPQ	12	115
MAPQ	13	14
MAPQ	14	10
MAPQ	15	440
MAPQ	16	6
MAPQ	17	13
MAPQ	18	8
MAPQ	19	27
MAPQ	20	12
MAPQ	21	1
MAPQ	22	198
MAPQ	23	6782
MAPQ	25	6492
MAPQ	29	9784
MAPQ	30	1
MAPQ	33	6
MAPQ	35	25
MAPQ	36	1333
MAPQ	37	32402
MAPQ	39	42
MAPQ	46	2391
MAPQ	47	55
MAPQ	48	1130
MAPQ	50	2333
MAPQ	56	1
MAPQ	58	4
MAPQ	60	235241
MAPQ	70	329
# Indel distribution. Use `grep ^ID | cut -f 2-` to extract this part. The columns are: length, number of insertions, number of deletions
ID	1	1118	1048
ID	2	222	282
ID	3	75	78
ID	4	67	95
ID	5	9	15
ID	6	11	22
ID	7	8	13
ID	8	15	23
ID	9	8	3
ID	10	4	13
ID	11	1	3
ID	12	2	3
ID	13	0	8
ID	14	1	5
ID	15	0	1
ID	16	2	2
ID	17	1	3
ID	18	1	1
ID	20	0	1
ID	22	0	1
ID	23	0	2
ID	24	0	1
ID	26	0	1
ID	28	0	1
ID	31	0	1
# Indels per cycle. Use `grep ^IC | cut -f 2-` to extract this part. The columns are: cycle, number of insertions (fwd), .. (rev) , number of deletions (fwd), .. (rev)
IC	1	12	5	4	8
IC	2	3	0	4	9
IC	3	6	1	6	4
IC	4	5	1	14	5
IC	5	4	6	12	10
IC	6	5	9	9	12
IC	7	8	11	15	11
IC	8	6	12	12	12
IC	9	7	7	17	11
IC	10	12	11	10	10
IC	11	3	7	9	17
IC	12	9	16	8	8
IC	13	8	13	4	11
IC	14	8	6	12	8
IC	15	7	13	10	17
IC	16	10	14	11	16
IC	17	15	14	12	11
IC	18	8	13	17	19
IC	19	11	11	11	17
IC	20	12	12	17	13
IC	21	11	19	13	23
IC	22	9	15	7	21
IC	23	10	10	9	15
IC	24	10	13	8	14
IC	25	19	14	14	21
IC	26	10	17	9	16
IC	27	16	10	7	22
IC	28	13	11	19	17
IC	29	14	24	10	18
IC	30	22	18	13	21
IC	31	24	15	9	11
IC	32	18	22	7	13
IC	33	13	18	13	8
IC	34	12	11	15	13
IC	35	10	10	8	5
IC	36	6	12	9	7
IC	37	14	9	5	8
IC	38	2	2	5	7
IC	39	4	2	4	8
IC	40	8	5	5	6
IC	41	7	2	4	7
IC	42	8	8	8	5
IC	43	8	7	3	4
IC	44	9	4	6	5
IC	45	1	10	8	4
IC	46	8	6	8	7
IC	47	2	8	0	6
IC	48	7	4	2	7
IC	49	6	5	3	8
IC	50	8	4	3	10
IC	51	4	5	4	6
IC	52	5	5	5	4
IC	53	7	8	4	6
IC	54	2	6	10	6
IC	55	4	4	3	6
IC	56	4	6	4	6
IC	57	5	16	7	5
IC	58	5	6	4	12
IC	59	4	6	1	10
IC	60	7	3	10	9
IC	61	2	5	9	4
IC	62	4	7	5	10
IC	63	4	8	5	8
IC	64	7	9	3	6
IC	65	6	5	5	8
IC	66	3	5	8	8
IC	67	4	5	8	12
IC	68	4	5	3	6
IC	69	4	10	5	13
IC	70	2	12	5	5
IC	71	4	6	2	6
IC	72	2	4	8	12
IC	73	5	12	3	11
IC	74	7	7	6	6
IC	75	4	4	7	3
IC	76	6	8	3	6
IC	77	2	7	6	7
IC	78	3	4	3	3
IC	79	3	11	9	11
IC	80	4	3	1	4
IC	81	8	8	5	5
IC	82	4	8	4	7
IC	83	0	8	7	6
IC	84	1	7	5	8
IC	85	4	6	2	5
IC	86	5	7	4	2
IC	87	3	9	4	7
IC	88	3	6	2	8
IC	89	4	7	3	7
IC	90	3	6	2	8
IC	91	3	5	5	4
IC	92	3	10	4	7
IC	93	4	3	2	11
IC	94	3	8	4	6
IC	95	3	8	5	8
IC	96	6	9	1	2
IC	97	7	7	2	7
IC	98	4	4	5	9
IC	99	4	5	5	9
IC	100	4	8	4	5
IC	101	1	2	5	1
IC	102	1	4	4	4
IC	103	0	7	3	3
IC	104	2	5	2	3
IC	105	0	3	1	2
IC	106	1	4	1	1
IC	107	1	1	1	0
IC	108	4	0	0	0
# Coverage distribution. Use `grep ^COV | cut -f 2-` to extract this part.
COV	[1-1]	1	703403
COV	[2-2]	2	973043
COV	[3-3]	3	980843
COV	[4-4]	4	800492
COV	[5-5]	5	548664
COV	[6-6]	6	334899
COV	[7-7]	7	181808
COV	[8-8]	8	90635
COV	[9-9]	9	41985
COV	[10-10]	10	19120
COV	[11-11]	11	8418
COV	[12-12]	12	3729
COV	[13-13]	13	1932
COV	[14-14]	14	906
COV	[15-15]	15	423
COV	[16-16]	16	302
COV	[17-17]	17	237
COV	[18-18]	18	160
COV	[19-19]	19	140
COV	[20-20]	20	73
COV	[21-21]	21	64
COV	[22-22]	22	41
COV	[23-23]	23	43
COV	[24-24]	24	32
COV	[25-25]	25	16
COV	[26-26]	26	13
COV	[27-27]	27	22
COV	[28-28]	28	10
COV	[29-29]	29	8
COV	[30-30]	30	18
COV	[31-31]	31	49
COV	[32-32]	32	19
COV	[33-33]	33	20
COV	[34-34]	34	8
COV	[35-35]	35	13
COV	[36-36]	36	7
COV	[37-37]	37	9
COV	[38-38]	38	4
COV	[39-39]	39	5
COV	[40-40]	40	7
COV	[41-41]	41	6
COV	[42-42]	42	3
COV	[43-43]	43	9
COV	[44-44]	44	7
COV	[45-45]	45	6
COV	[46-46]	46	7
COV	[47-47]	47	6
COV	[48-48]	48	1
COV	[49-49]	49	3
COV	[50-50]	50	3
COV	[51-51]	51	2
COV	[52-52]	52	5
COV	[53-53]	53	1
COV	[54-54]	54	5
COV	[55-55]	55	7
COV	[56-56]	56	23
COV	[58-58]	58	1
COV	[60-60]	60	1
COV	[63-63]	63	1
COV	[65-65]	65	1
COV	[66-66]	66	1
COV	[72-72]	72	1
COV	[76-76]	76	1
COV	[78-78]	78	1
COV	[80-80]	80	1
COV	[85-85]	85	1
COV	[88-88]	88	1
COV	[92-92]	92	1
COV	[102-102]	102	1
COV	[108-108]	108	1
COV	[111-111]	111	1
COV	[112-112]	112	1
COV	[125-125]	125	1
COV	[127-127]	127	1
COV	[132-132]	132	1
COV	[137-137]	137	1
COV	[144-144]	144	1
COV	[148-148]	148	1
COV	[153-153]	153	1
COV	[158-158]	158	1
COV	[160-160]	160	1
COV	[161-161]	161	1
COV	[162-162]	162	1
COV	[171-171]	171	1
COV	[172-172]	172	1
COV	[174-174]	174	1
COV	[178-178]	178	1
COV	[181-181]	181	1
COV	[184-184]	184	1
COV	[188-188]	188	1
COV	[191-191]	191	1
COV	[194-194]	194	1
COV	[197-197]	197	1
COV	[198-198]	198	2
COV	[200-200]	200	1
COV	[202-202]	202	1
COV	[203-203]	203	1
COV	[204-204]	204	1
COV	[206-206]	206	1
COV	[208-208]	208	1
COV	[210-210]	210	1
COV	[214-214]	214	1
COV	[216-216]	216	1
COV	[218-218]	218	1
COV	[221-221]	221	1
COV	[229-229]	229	1
COV	[231-231]	231	1
COV	[232-232]	232	1
# GC-depth. Use `grep ^GCD | cut -f 2-` to extract this part. The columns are: GC%, unique sequence percentiles, 10th, 25th, 50th, 75th and 90th depth percentile
GCD	0.0	0.797	0.000	0.000	0.000	0.000	0.000
GCD	35.0	1.195	3.375	3.375	3.375	3.375	3.375
GCD	36.0	1.594	3.564	3.564	3.564	3.564	3.564
GCD	37.0	3.586	3.313	3.370	3.639	3.723	3.773
GCD	38.0	6.375	1.561	3.582	3.752	3.845	4.174
GCD	39.0	10.359	3.251	3.462	3.654	3.857	3.924
GCD	40.0	12.749	3.362	3.383	3.565	3.774	4.171
GCD	41.0	18.725	3.240	3.393	3.440	3.525	3.902
GCD	42.0	22.709	3.190	3.394	3.592	3.885	4.020
GCD	43.0	26.693	1.705	3.192	3.288	3.708	3.977
GCD	44.0	31.873	2.193	3.369	3.512	3.752	3.815
GCD	45.0	39.442	3.220	3.403	3.566	3.719	3.796
GCD	46.0	48.606	2.800	3.303	3.354	3.509	3.600
GCD	47.0	56.175	3.057	3.171	3.396	3.566	3.786
GCD	48.0	66.932	3.111	3.241	3.354	3.538	3.820
GCD	49.0	74.900	3.127	3.212	3.397	3.559	3.692
GCD	50.0	83.267	2.989	3.065	3.155	3.279	3.358
GCD	51.0	89.243	2.975	3.065	3.212	3.336	3.479
GCD	52.0	92.430	3.031	3.062	3.117	3.369	3.597
GCD	53.0	96.414	2.699	2.818	2.998	3.119	3.802
GCD	54.0	97.610	2.801	2.801	3.086	3.241	3.241
GCD	55.0	98.805	2.672	2.672	2.757	2.905	2.905
GCD	56.0	99.602	2.465	2.465	2.641	2.817	2.817
GCD	57.0	100.000	2.657	2.657	2.657	2.657	2.657
